0 40.625 52.377 38.571 42.781 39.212 63.764 135.3 126.83 128.36 145.03 150.15 137.87 145.51 67.645 62.269 57.965 111.69 89.42 68.533 38.726 67.134 67.723 81.75 81.312 108.76 125.59 92.553 97.805 122.57 101.54 146.54 113.71 188.84 183.42 184.97 142.3 92.725 159.7 69.899 51.804 63.874 70.905 84.54 85.747 153.26 115.17 118.2 94.52 118.75 122.25 142.83 156.6 0 104.86 110.7 100.12 103.2 102.17 122.27 147.61 182.41 38.659 169.82 27.261 141.68 181.89 0 137.77 96.372 82.636 139.95 132.49 118.78 114.02 143.98 149.12 142.03 162.26 141.94 193.54 142.76 164.2 172.7 172.24 216.89 188.2 204.24 184.06 156.78 184.97 173.37 224.91 0 0 0 0 0 0 0 0 0 0 0 0 94.494 92.832 0 0 0 0 0 0 0 142.48 166.48 180.87 185.74 178.78 183.29 161.19 162.93 167.34 0
40.625 0 34.008 63.947 110.43 91.527 126.78 144.05 143.14 129.85 127.59 131.1 152.01 0 85.549 112.54 37.815 123.42 82.254 81.033 71.426 50.727 81.654 79.545 91.993 38.512 143.31 95.637 116.96 123.06 153.88 159.32 159.73 171.94 133.86 142.39 86.718 100.67 150.11 73.363 61.613 72.665 79.482 89.31 87.325 137.45 117.99 115.64 98.7 120.51 125.9 137.04 0 0 108.68 108.9 102.05 121.33 115.6 147.54 169.53 203.83 174.22 173.97 70.326 167.94 207.28 0 127.1 133.19 70.091 140.3 117.55 126.98 111.87 122.78 128.7 122.27 157.37 118.28 196.32 137.66 137.49 162.02 188.06 206.22 202.22 159.06 193.38 152.75 190.53 180.85 203.49 0 0 0 0 0 0 0 0 0 0 0 0 107.18 88.543 0 0 0 0 0 0 0 170.71 170.96 189.97 188.8 186.28 175.69 174.21 181.59 189.55 152.02
52.377 34.008 0 55.669 69.209 73.827 77.188 114.76 107.02 113.08 147.67 77.703 91.854 107.58 73.379 34.162 35.766 108.33 107.81 77.657 87.242 69.26 109.97 109.33 106.35 74.691 150.21 108.57 132.04 90.729 146.37 148.63 151.34 147.45 129.5 138.45 108.4 114.2 145.15 79.643 62.79 65.664 74.824 111.88 97.705 113.75 120.51 120.32 97.036 116.53 121.4 178.64 179.1 0 101.77 112.06 92.38 96.707 96.908 108.91 108.45 158.57 70.594 154.42 99.037 99.727 155.54 156.87 132.4 51.781 70.453 139.73 148.72 120.51 129.3 150.45 157.22 153.62 170.75 146.3 202.88 150.35 174.67 173.08 176.88 222.38 192.39 175.43 195.96 170.28 188.96 179.83 211.98 0 0 197.83 0 0 0 0 0 0 0 0 0 90.932 0 0 0 0 0 0 0 0 140.31 162.74 172.1 183.98 183.39 179 176 188.63 170.95 164.32
38.571 63.947 55.669 0 38.567 67.351 59.266 52.612 52.931 80.178 111.67 47.497 68.316 65.552 64.162 47.819 90.834 129.65 108.58 75.264 113.51 100.49 101.08 112.54 96.019 118.68 141.36 132.5 119.95 96.936 123.41 121.34 133.99 167.26 151.24 166.54 148.37 109.96 147.82 82.543 58.827 61.149 69.32 137.51 124.35 68.822 118.1 131.74 106.47 123.01 125.87 191.79 0 151.91 108.27 133.48 97.066 101.25 99.5 113.65 103.9 103.62 94.031 112.22 117.4 100.16 98.644 113.88 135.04 70.121 88.8 152.99 170.17 128.92 157.34 170.69 172.48 175.43 183.65 164.42 209.9 159.31 189.76 182.77 187.35 217.99 200.03 184.63 205.09 184.75 200.94 199.51 222.82 0 0 0 0 0 0 0 0 0 0 0 0 91.638 92.646 0 0 0 0 0 0 0 137.7 169.09 162.06 175.54 180.7 176.5 178.01 195.19 0 0
42.781 110.43 69.209 38.567 0 50.603 45.202 52.996 74.625 111.23 163.12 63.59 84.574 103.41 65.253 48.75 98.7 131.42 113.72 72.952 84.221 118.46 98.911 123.55 106.45 130.53 142.65 115.6 130.67 109.33 121.49 145.86 131.9 182.76 169.01 177.84 170.65 122.92 157.87 79.476 51.945 59.537 67.333 122.53 133.31 87.864 114.77 128.44 102.53 118.29 121.24 190.22 0 0 116.23 132.95 97.427 97.26 95.546 108.25 98.241 113.12 100.83 112.76 133.71 96.623 112.07 138.07 128.24 63.281 86.122 162.63 159.24 140.23 154 173.96 176.37 170.88 188.08 163 211.89 163.25 189.54 183.63 191.2 214.25 204.14 194.18 199.99 177.48 201.33 198.94 217.14 0 0 0 0 0 0 0 0 0 0 0 0 87.043 0 0 0 0 0 0 0 0 125.17 146.02 162.84 180.13 179.4 167.55 164.07 176.61 225.89 148.65
39.212 91.527 73.827 67.351 50.603 0 39.961 132.55 114.34 93.297 159.08 88.901 142.1 165.47 48.156 58.946 73.951 127.18 93.809 45.385 57.416 103.3 71.574 73.965 144.6 124.54 166.08 124.19 96.616 108.59 114.49 151.74 139.03 186.52 197.05 190.75 186.95 160.53 182.31 94.201 78.555 65.624 74.701 115.8 119.54 155.89 132.86 138.17 113.77 131.87 132.57 0 0 0 120.48 141 111.73 113.89 113.49 121.91 124.96 185.09 144.81 169.06 55.737 116.09 198.41 0 148.59 70.511 93.476 149.37 157.02 142.58 153.62 169.53 169.36 162.79 178.89 165.32 198.61 163.93 179.23 172.93 188.88 231.79 206.46 204.02 204.75 191.59 196.86 194.79 0 0 0 0 0 0 0 0 0 0 0 0 0 98.087 0 0 0 0 0 0 0 0 118.64 174.15 187.06 173.42 0 0 152.14 0 0 0
63.764 126.78 77.188 59.266 45.202 39.961 0 102.83 36.681 43.103 24.266 68.812 106.71 27.916 47.394 60.818 103.47 138.6 111.74 79.741 109.54 142.41 116.37 112.43 161.22 134.4 169.73 146.2 114.97 116.86 133.48 116.3 147.06 172.18 178.57 178.2 183.54 164.37 177 90.555 58.123 61.345 66.064 141.54 141.54 32.654 120.08 149.08 113.25 137.31 141.15 191.55 0 0 145.33 166.77 117.39 111.66 109.66 123.49 111.31 146.96 132.97 136.72 91.06 110.72 157.41 137.4 149.3 73.427 103.85 157.12 171.13 171.8 176.56 199.79 199.5 191.36 212.46 190.48 218.48 183.41 207.94 202.25 208.68 228.93 221.74 189.91 201.54 201.85 204.98 211.58 217.43 0 0 0 0 0 0 0 0 0 0 0 0 88.405 0 0 0 0 0 0 0 0 124.13 164.68 166.25 184.05 188.42 178.25 177.49 163.94 162.86 0
135.3 144.05 114.76 52.612 52.996 132.55 102.83 0 25.899 36.388 34.485 118.58 56.429 30.734 47.07 45.282 122.62 155.06 0 150.25 161.94 168.23 163.27 158.21 159.87 159.78 158.19 124.13 104.16 81.685 118.75 91.644 105.92 164.36 177.7 172.07 177.15 160.21 166.25 121.33 48.919 50.253 79.938 0 84.82 44.585 144.6 187.18 85.881 143.09 165.22 124.15 0 81.898 193.59 0 163.34 108.04 125.23 175.17 130.14 88.248 94.965 83.167 45.122 104.57 86.992 72.622 125.46 83.187 124.96 174.95 0 87.89 220.41 219.9 217.06 208.59 214.19 206.37 0 183.76 213.64 106.32 202.11 129.74 176.77 184.59 0 188.25 213.16 210.96 200.84 0 0 0 0 0 0 0 0 0 0 0 0 0 0 0 0 0 0 0 0 0 0 0 0 0 0 0 0 0 0 0
126.83 143.14 107.02 52.931 74.625 114.34 36.681 25.899 0 37.544 63.423 61.822 46.72 60.663 49.327 51.454 106.94 153.87 116.71 108.09 151 168.61 160.11 143.88 160.52 159.28 173.3 131.72 115.5 86.901 121.27 94.147 107.52 162.51 174.97 170.72 175.69 160.02 165.04 89.084 46.773 49.461 59.62 112.69 110.28 53.478 111.65 191.07 122.95 158.22 156.91 0 0 0 189.41 197.43 149.65 103.13 109.16 154 117.87 104.68 95.896 105.14 86.019 102.49 105.76 102.15 168.65 82.093 129.46 187.71 0 171.55 204.13 214.82 214.77 215.65 215.64 213.6 0 236.56 221.57 148.58 224.24 156.11 0 205.08 0 222.99 0 225.49 0 0 0 0 0 0 0 0 0 0 0 0 0 0 0 0 0 0 0 0 0 0 0 0 189.86 171.04 202.83 0 0 182.58 0 0
128.36 129.85 113.08 80.178 111.23 93.297 43.103 36.388 37.544 0 30.382 69.184 54.574 19.184 42.813 66.32 124.08 159.54 114.88 96.942 120.13 163.6 149.9 135.73 159.57 161.95 171.73 120.94 106.22 85.033 114.78 92.81 102.14 160 174.77 171.16 175.27 157.9 165.71 88.353 49.377 51.119 59.806 123.09 108.35 51.427 112.37 196.65 69.99 160.62 177.22 213.34 0 46.732 176.77 170.53 153.6 131.99 137.93 158.26 142.29 78.382 108.17 72.706 41.259 120.74 83.49 65.674 117.39 73.987 130.89 174.13 209.7 114.52 180.37 215.45 214.95 214.27 219.1 210.91 169.49 158.07 217.4 99.508 200.96 121.06 196.55 192.27 0 191.88 228.04 210.54 0 0 0 0 0 0 0 0 0 0 0 0 0 95.064 87.304 0 0 0 0 0 0 0 110.83 0 157.38 188.24 174.95 0 167.86 196.34 0 0
145.03 127.59 147.67 111.67 163.12 159.08 24.266 34.485 63.423 30.382 0 49.108 38.755 20.628 23.783 31.098 88.127 134.54 84.763 0 113.92 116.79 109.36 118.61 110.96 141.67 78.499 122.33 77.73 50.203 73.813 55.626 57.999 127.82 140.87 137.38 128.12 116.52 124.29 49.03 41.93 24.493 22.632 76.651 16.516 14.261 66.963 132.83 28.924 28.985 51.135 96.332 38.68 10.723 174.66 0 181.46 134.2 186.83 0 0 72.988 121.93 58.533 25.764 119.29 95.013 42.971 118.68 43.749 126.74 140.77 0 0 171.52 171.43 167.53 167.68 154.28 167.62 126.6 122.01 199.09 76.556 154.46 79.757 127.53 152.4 206.29 139.52 200.49 165.74 149.13 0 0 0 0 0 0 0 0 0 0 0 0 0 0 0 0 0 0 0 0 0 0 0 166.52 0 0 0 0 0 0 0
150.15 131.1 77.703 47.497 63.59 88.901 68.812 118.58 61.822 69.184 49.108 0 61.809 54.397 71.709 38.615 72.585 120.95 138.3 129.44 146.8 154.28 161.34 152.2 169.84 126.15 190.86 163.92 105.42 109.54 136.4 116.99 134.58 154.14 155.64 152.8 190.58 173.46 183 94.264 64.68 68.457 75.083 136.58 131.18 66.748 128.44 141.48 107.12 124.25 124.46 189.67 0 147.15 160.36 184.7 122.67 99.827 97.848 129.36 101.05 107.12 100.74 110.48 82.876 98.569 103.08 105.75 133.13 62.656 102 139.7 184.94 164.03 188.2 189.13 188.76 183.2 196.53 174.69 207.49 178.44 199.27 184.54 205.44 215.18 211.99 171.29 195.79 207.69 190.73 199.53 209.42 0 0 0 0 0 0 0 0 0 0 0 0 86.853 0 0 0 0 0 0 0 0 136.92 153.98 168.67 184.46 194.61 190.65 187.1 191.7 168.81 0
137.87 152.01 91.854 68.316 84.574 142.1 106.71 56.429 46.72 54.574 38.755 61.809 0 26.039 59.627 42.232 97.297 152.72 0 0 167.88 187.11 173.88 163.06 167.09 157.76 165.78 150.65 123.09 94.245 126.99 103.45 112.87 172.91 184.96 176.57 187.31 169.89 171.5 130.23 56.582 59.204 93.393 0 106.85 54.783 184.8 183.88 138.77 154.81 163.06 0 0 0 223.4 0 165.96 109.71 122.12 182.26 130.37 98.108 98.829 115.72 63.741 105.87 93.337 90.719 161.51 80.058 154.47 205.23 0 117.97 227.83 225.46 219.33 226.58 231.59 217.81 0 0 214.78 137.81 221.35 165.28 0 215.16 0 218.19 221.55 224.75 0 0 0 0 0 0 0 0 0 0 0 0 0 0 0 0 0 0 0 0 0 0 0 0 0 0 0 0 0 0 0 0
145.51 0 107.58 65.552 103.41 165.47 27.916 30.734 60.663 19.184 20.628 54.397 26.039 0 18.655 34.147 104.91 146.23 0 0 133.6 153.09 151.75 0 140.4 159.38 97.263 72.953 69.296 46.622 77.968 57.078 61.577 139.26 149.51 148.3 136.52 136.21 136.69 128.4 78.692 28.518 106.61 0 0 26.151 147.71 186.46 111.55 146.69 154.83 0 0 83.273 0 0 181.18 118.69 136.33 0 146.61 87.469 108.81 86.819 38.934 103.26 78.875 70.512 138.39 70.77 120.71 0 0 73.115 207.49 193.84 0 0 201.3 199.96 0 0 0 113.39 209.2 148.09 0 0 223.1 0 222.7 226.97 0 0 0 0 0 0 0 0 0 0 0 0 0 0 0 0 0 0 0 0 0 0 0 0 0 0 0 0 0 0 0 0
67.645 85.549 73.379 64.162 65.253 48.156 47.394 47.07 49.327 42.813 23.783 71.709 59.627 18.655 0 58.874 76.363 96.901 33.296 39.802 56.459 70.877 74.182 50.072 84.995 91.254 120.7 42.552 57.554 39.741 88.799 51.688 104.86 107.11 106.07 112.84 109.29 95.512 110.28 77.165 42.873 36.901 76.045 87.112 43.909 28.581 90.906 144.36 107.43 142.35 142.17 168.84 0 70.708 123.47 120.86 112.97 115.43 115.73 130.48 123.42 89.895 142.95 98.277 43.028 117.03 101.11 66.434 145.43 72.776 94.311 112.57 131.49 137.29 123.92 143.07 140.4 137.31 151.58 137.7 178.43 167.23 160.52 124.98 179.15 178.71 184.23 160.78 182.18 179.59 175.09 175.11 197.59 0 0 0 0 0 0 0 0 0 0 0 0 0 0 0 0 0 0 0 0 0 0 173.49 197.79 153.68 213.24 0 0 0 0 0
62.269 112.54 34.162 47.819 48.75 58.946 60.818 45.282 51.454 66.32 31.098 38.615 42.232 34.147 58.874 0 37.446 92.548 118.98 61.534 121.7 121.46 142.4 133.66 150.38 101.15 166.11 136.78 112.88 77.692 137.96 100.1 136.62 115.96 113.59 122.87 178.29 151.07 173.26 71.17 54.512 53.456 64.869 116.83 109.19 47.609 106.25 94.837 71.19 91.525 88.273 178.92 0 0 74.614 98.524 52.899 79.749 76.064 78.86 89.443 103.34 95.74 110.34 34.798 74.631 94.734 87.236 113.24 28.125 42.66 111.03 130.35 87.412 155.19 151.95 176.97 164.91 169.08 137.36 195.32 142.87 178.2 117.65 164.91 184.3 181.49 143.78 171.58 162.64 167.21 173.48 184.77 0 0 0 0 0 0 0 0 0 0 0 0 86.948 0 0 0 0 0 0 0 0 112.08 153.99 160.65 169.34 165.77 0 152.44 0 0 131.86
57.965 37.815 35.766 90.834 98.7 73.951 103.47 122.62 106.94 124.08 88.127 72.585 97.297 104.91 76.363 37.446 0 44.6 66.764 62.371 57.746 47.158 58.779 59.521 76.524 41.9 123.56 95.682 77.725 109.12 114.53 139 137.39 60.359 58.313 75.27 84.53 78.654 120.46 64.951 64.41 60.826 67.07 72.213 86.477 90.254 105.78 96.568 78.557 102.01 100.59 146.09 0 0 80.555 69.568 72.482 86.34 83.939 97.808 119.53 158.14 145.1 159.67 123.77 119.06 170.04 176.93 112.11 55.951 45.875 68.013 80.729 93.801 80.722 98.563 96.334 91.147 129.81 91.524 160.79 129.14 115.08 157.24 149.82 186.61 165.31 115.17 137.29 141.56 135.58 145.95 155.07 0 0 0 0 0 0 0 0 0 0 0 0 86.8 0 0 0 0 0 0 0 0 145.15 200.84 160.04 167.81 165.35 0 0 0 0 0
111.69 123.42 108.33 129.65 131.42 127.18 138.6 155.06 153.87 159.54 134.54 120.95 152.72 146.23 96.901 92.548 44.6 0 66.918 81.321 103.18 55.323 61.785 62.245 67.81 32.799 75.881 56.331 80.725 115.75 97.945 116.92 100.93 44.235 46.916 51.411 62.785 70.714 81.521 87.778 122.22 90.428 113.65 32.063 82.447 133.81 102.2 96.587 150.53 111.65 135.52 66.016 0 147.58 134.04 116.27 161.28 182.91 176.27 171.28 177.33 197.94 186.95 167.52 147.22 174.41 196.01 162.58 107.38 120.02 63.038 25.173 89.119 101.13 112.72 83.035 80.192 86.298 79.27 54.965 106.88 73.313 99.844 135.04 107.62 149.02 106.47 57.507 83.932 70.87 84.4 95.021 109.16 0 0 0 0 0 0 0 0 0 0 0 0 0 0 0 0 0 0 0 0 0 0 0 233.86 171.83 189.6 0 0 0 0 0
89.42 82.254 107.81 108.58 113.72 93.809 111.74 0 116.71 114.88 84.763 138.3 0 0 33.296 118.98 66.764 66.918 0 25.591 53.005 65.829 60.106 46.727 66.144 72.221 127.84 52.553 24.817 49.899 72.141 123.9 138.6 83.541 76.402 98.796 92.674 80.85 120.86 96.822 90.303 46.962 83.343 54.703 63.933 0 85.222 128.44 141.07 144.9 155.17 146.65 0 0 141.14 112.79 150.86 158.63 158.76 151.22 180.1 227 0 216.6 0 191.87 0 0 141.44 147 83.398 91.358 111.01 132.74 115.02 123.62 121.2 120.05 133.39 117.46 181.12 154.66 141.41 183.03 159.98 200.96 171.32 170.35 176.53 0 165.25 168.91 0 0 0 0 0 0 0 0 0 0 0 0 0 0 0 0 0 0 0 0 0 0 0 0 0 0 0 0 0 0 0 0
68.533 81.033 77.657 75.264 72.952 45.385 79.741 150.25 108.09 96.942 0 129.44 0 0 39.802 61.534 62.371 81.321 25.591 0 40.315 70.152 57.439 44.249 96.848 76.758 160.28 84.881 40.462 60.543 102.19 125.77 132.01 162.61 114.89 175.18 118.38 119.98 179.19 79.62 89.667 54.46 68.201 88.716 82.149 93.535 117.33 127.96 114.42 131.36 138.84 0 0 0 120.24 116.43 113.33 117.9 117.12 135.16 155.86 0 0 193.23 33.821 143.39 0 0 134.53 85.043 82.105 111.94 115.37 134.05 118.65 133.43 128.98 124.97 151.64 126.33 209.66 145.59 138.95 171.05 180.44 209.92 198.75 179.92 200.16 155.63 186.55 178.31 0 0 0 0 0 0 0 0 0 0 0 0 0 0 0 0 0 0 0 0 0 0 0 0 189.35 164.38 175.31 0 0 0 0 144.2
38.726 71.426 87.242 113.51 84.221 57.416 109.54 161.94 151 120.13 113.92 146.8 167.88 133.6 56.459 121.7 57.746 103.18 53.005 40.315 0 47.854 39.788 40.997 67.38 73.656 110.1 79.943 85.515 111.03 89.28 139.26 101.12 181.23 165.81 153.18 139.43 82.373 158.31 61.621 49.769 61.381 64.927 74.854 75.952 122.77 102.13 115.68 108.43 124.89 131.17 126.58 0 0 110.79 108.97 109.67 117.71 118.58 144.86 146.9 77.587 92.617 72.943 15.792 157.84 67.1 63.465 60.9 142.56 73.997 126.11 115.38 125.5 111.56 122.7 123.85 120.06 152.34 117.99 182.07 139.28 132.63 151.63 167.83 191.79 203.65 167.58 185.35 145.8 175.85 168.03 0 0 0 0 0 0 0 0 0 0 0 0 0 85.676 0 0 0 0 0 0 0 0 145.42 163.38 172.78 176.12 172.15 160.93 167.14 159.99 180.64 0
67.134 50.727 69.26 100.49 118.46 103.3 142.41 168.23 168.61 163.6 116.79 154.28 187.11 153.09 70.877 121.46 47.158 55.323 65.829 70.152 47.854 0 43.446 66.341 44.988 32.353 87.778 89.956 86.363 116.02 87.812 130.96 103.26 66.748 52.864 76.337 26.421 43.351 75.018 75.899 87.949 79.849 89.121 68.407 93.764 143.72 107.34 131.47 156.97 146.4 151 145.67 147.13 0 140.91 117.58 145.68 183.02 172.92 164.56 191.01 218.88 217.88 207.9 167.11 194.65 220.47 205.46 143.86 163.63 98.118 84.509 122.05 134.4 115.68 117.36 116.45 120.22 124.16 109.43 149.63 150.83 139.58 175.69 148.93 183.85 150.55 113.3 135.27 148.07 130.5 136.98 147.6 0 0 0 0 0 0 0 0 0 0 0 0 102.95 0 0 0 0 0 0 0 0 153.9 153.24 178.27 189.21 184.69 227.52 0 183.59 191.23 0
67.723 81.654 109.97 101.08 98.911 71.574 116.37 163.27 160.11 149.9 109.36 161.34 173.88 151.75 74.182 142.4 58.779 61.785 60.106 57.439 39.788 43.446 0 39.423 32.487 66.825 106.65 87.9 72.554 107.6 68.541 123.72 90.952 143.86 120.61 130.35 91.19 43.627 137.34 70.665 82.664 78.007 87.134 75.403 88.095 129.18 101.77 122.02 143.69 134.73 138 138.89 145.74 0 136.89 112.3 144.3 173.79 159.6 161.66 181.51 216.79 208.08 201.16 67.487 191.62 225.56 201.27 130.36 169.09 74.689 82.874 116.19 131.72 113.7 114.71 114.21 118.07 128.28 112.4 153.35 147.16 133.68 166.42 152.26 177.35 159.92 134.61 142.86 139.22 137.23 149.07 168.55 0 0 0 0 0 0 0 0 0 0 0 0 0 0 0 0 0 0 0 0 0 0 153.48 196.32 190.06 177.04 0 203.4 0 0 0
81.75 79.545 109.33 112.54 123.55 73.965 112.43 158.21 143.88 135.73 118.61 152.2 163.06 0 50.072 133.66 59.521 62.245 46.727 44.249 40.997 66.341 39.423 0 39.244 74.31 147.06 80.858 47.368 89.945 58.107 108.46 95.104 142.25 118.61 150.69 121.1 108.54 151.63 68.651 94.35 69.539 79.737 80.298 93.766 0 109.87 125.48 139.47 138.68 141.71 137.55 148.46 0 135.34 116.3 144.39 172.05 159.93 161.25 181.84 219.58 208.96 202.19 51.504 190.92 0 0 133.63 175.44 73.328 82.429 120 137.66 118.05 119.38 120.15 123.01 133.06 116.49 183.86 149.33 137.9 172.68 159.82 184.76 178.77 164.09 181.61 143.49 179.41 177.04 218.95 0 0 0 0 0 0 0 0 0 0 0 0 0 0 0 0 0 0 0 0 0 0 178.14 161.58 198.95 177.11 0 154.89 0 0 0
81.312 91.993 106.35 96.019 106.45 144.6 161.22 159.87 160.52 159.57 110.96 169.84 167.09 140.4 84.995 150.38 76.524 67.81 66.144 96.848 67.38 44.988 32.487 39.244 0 66.162 81.222 87.169 72.643 107.23 52.363 118.19 73.986 159 158.53 158.43 134.95 33.005 105.38 82.12 104.83 82.633 109.75 81.432 88.956 134.56 100.05 134.85 169.73 144.91 143.93 138.34 139.72 0 154.07 143.58 154.03 176.74 168.03 182.51 203.9 203.35 203.15 204.28 157.08 189.61 0 188.53 143.42 157.08 103 85.173 137.6 159.28 127.11 122.33 121.48 131.39 132.13 123.09 180 152.75 143.23 178.02 159.87 182.72 173.2 168.26 170.78 154.43 165.95 161.48 165.78 0 0 0 0 0 0 0 0 0 0 0 0 0 0 0 0 0 0 0 0 0 0 0 189.84 207.96 194.19 0 0 0 0 0
108.76 38.512 74.691 118.68 130.53 124.54 134.4 159.78 159.28 161.95 141.67 126.15 157.76 159.38 91.254 101.15 41.9 32.799 72.221 76.758 73.656 32.353 66.825 74.31 66.162 0 85.532 61.634 90.822 123.38 106.32 136.13 108 33.286 32.631 37.551 48.706 60.034 86.548 80.194 90.019 90.287 102.94 40.551 96.562 144.46 116.66 123 144.3 133.7 138.94 109.68 137.22 194.85 123.7 107.48 126.81 169.69 162.08 158.48 179.79 211.79 207.42 199.69 180.52 177.33 216.25 201.63 133.27 143.38 74.742 63.041 115.92 130.03 111.64 108.81 112.16 117.05 117.77 98.915 137 120.8 133.92 168.27 141.97 174.88 141.56 86.93 111.66 118.52 114.18 124.02 136.78 0 0 0 0 0 0 0 0 0 0 0 0 0 0 0 0 0 0 0 0 0 144.84 185.1 178.12 196.62 184.49 186.16 182.1 161.76 203.96 0
125.59 143.31 150.21 141.36 142.65 166.08 169.73 158.19 173.3 171.73 78.499 190.86 165.78 97.263 120.7 166.11 123.56 75.881 127.84 160.28 110.1 87.778 106.65 147.06 81.222 85.532 0 29.007 128.69 43.017 55.539 36.522 30.645 68.418 75.75 47.975 63.39 48.313 34.038 85.414 128.36 115.18 150.48 29.572 47.756 88.943 121.38 173.16 209.29 178.15 181.84 144.46 189.76 0 195.74 184.3 197.46 215.13 206.47 207.2 221.82 237.75 237.55 228.41 187.78 215.21 0 148.71 176.36 190.53 160.08 111.73 173.45 169.29 177.97 149.42 160.23 182.09 154.63 140.03 174.71 166.46 182.37 208.35 172.87 212.29 174.92 136.53 161.08 158.71 157.79 163.64 152.66 0 0 0 0 0 0 0 0 0 0 0 0 0 0 0 0 0 0 0 0 0 0 0 246.33 115.7 0 0 0 0 0 0
92.553 95.637 108.57 132.5 115.6 124.19 146.2 124.13 131.72 120.94 122.33 163.92 150.65 72.953 42.552 136.78 95.682 56.331 52.553 84.881 79.943 89.956 87.9 80.858 87.169 61.634 29.007 0 112.57 21.491 65.837 44.657 40.727 58.209 78.715 39.573 88.528 64.623 84.386 52.763 61.53 53.405 24.395 21.128 11.061 115.45 28.589 134.66 100.66 164.06 71.636 114.03 0 0 142.1 136.17 137.64 146.47 146.89 156.92 182.37 0 0 198.79 109.43 157 0 0 171.83 143.52 115.5 76.072 148.83 160.7 139.44 148.21 142.09 146.17 144.72 119.56 158.3 44.147 168.05 201.02 180.57 203.57 181.52 105.28 137.16 119.61 138.21 144.99 144.78 0 0 132.58 0 0 0 0 0 0 0 0 0 47.677 47.907 0 0 0 0 0 0 0 50.099 70.905 78.568 93.59 96.366 94.329 77.071 81.89 106.24 0
97.805 116.96 132.04 119.95 130.67 96.616 114.97 104.16 115.5 106.22 77.73 105.42 123.09 69.296 57.554 112.88 77.725 80.725 24.817 40.462 85.515 86.363 72.554 47.368 72.643 90.822 128.69 112.57 0 41.54 42.342 68.857 118.31 100.04 102.35 114.12 107.15 90.805 108.65 93.889 137.33 57.033 116.81 97.751 70.857 111.35 110.34 150.16 170.41 159.67 159.47 166.36 176.6 0 165.85 127.78 171.67 172.63 174.71 180.84 185.92 190.64 200.69 213.58 107.81 171.27 204.5 177.49 156.3 154.8 98.717 100.57 136.55 148.88 130.51 137.21 135.99 136.24 146.27 133.62 186.36 171.76 158.27 198.35 175.48 209.38 181.07 163 173.58 164.35 167.91 174.74 188.55 0 0 0 0 0 0 0 0 0 0 0 0 0 0 0 0 0 0 0 0 0 180.03 0 0 163.61 140.45 0 0 0 0 0
122.57 123.06 90.729 96.936 109.33 108.59 116.86 81.685 86.901 85.033 50.203 109.54 94.245 46.622 39.741 77.692 109.12 115.75 49.899 60.543 111.03 116.02 107.6 89.945 107.23 123.38 43.017 21.491 41.54 0 58.897 47.077 32.698 119.42 129.91 130.7 129.82 108.36 127.32 85.911 105.81 53.81 96.759 41.507 17.58 57.323 101.56 178.41 113.35 168.76 167.22 198.68 0 80.148 153.57 165.68 126.02 136.78 133.78 148.4 153.33 114.65 166.04 113.52 74.166 154.25 132.5 98.934 174.31 105.03 116.99 139.49 175.99 169.22 168.1 172.65 170.42 173.62 178.36 166.66 204.59 195.63 193.65 151 204.77 206.32 206.87 188.24 202.06 196.17 196.01 202.08 214.67 0 0 0 0 0 0 0 0 0 0 0 0 0 0 0 0 0 0 0 0 0 168.25 0 0 0 165.38 0 0 0 0 0
101.54 153.88 146.37 123.41 121.49 114.49 133.48 118.75 121.27 114.78 73.813 136.4 126.99 77.968 88.799 137.96 114.53 97.945 72.141 102.19 89.28 87.812 68.541 58.107 52.363 106.32 55.539 65.837 42.342 58.897 0 57.556 39.664 105.69 116.2 112.47 113.78 62.34 92.427 95.349 143.28 87.425 144.95 58.433 78.366 83.814 116.01 174.24 188.1 179.16 180.59 185.35 176.65 0 185.7 178.99 182.18 190.28 188.57 199.44 203.23 184.55 196.31 212.18 97.382 199.44 186.41 128.3 179.57 156.5 144.15 118.3 162.98 181.2 158.27 155.5 156.06 161.42 160.91 150.08 180.55 190.98 181.56 195.44 186.12 212.07 187.32 165.1 178.93 184.31 171.97 178.97 190.76 0 0 0 0 0 0 0 0 0 0 0 0 84.486 0 0 0 0 0 0 0 0 0 0 154.37 238.04 191.39 149.7 0 0 0 0
146.54 159.32 148.63 121.34 145.86 151.74 116.3 91.644 94.147 92.81 55.626 116.99 103.45 57.078 51.688 100.1 139 116.92 123.9 125.77 139.26 130.96 123.72 108.46 118.19 136.13 36.522 44.657 68.857 47.077 57.556 0 39.52 122.45 138.11 123.07 137.38 117.7 124 80.177 108 51.081 94.003 49.569 38.039 65.1 86.674 194.15 109.72 174.64 183.4 196.07 214.26 87.45 202.09 194.52 199.49 178.5 181.53 234.86 175.51 125.78 172.22 120.11 83.97 175.97 144.75 108.49 189.96 119.85 172.39 148.77 186.64 200.7 183.31 179.65 178.6 182.86 183.77 175.81 206.98 210.5 201.62 161.47 209.26 207.95 212.27 187.66 208.18 211.69 198.62 203.93 210.14 0 0 0 0 0 0 0 0 0 0 0 0 0 0 0 0 0 0 0 0 0 122.4 0 0 161.84 181.76 0 0 0 0 0
113.71 159.73 151.34 133.99 131.9 139.03 147.06 105.92 107.52 102.14 57.999 134.58 112.87 61.577 104.86 136.62 137.39 100.93 138.6 132.01 101.12 103.26 90.952 95.104 73.986 108 30.645 40.727 118.31 32.698 39.664 39.52 0 97.274 114.1 97.647 108.71 72.013 79.651 83.627 123.14 94.057 144.55 45.334 44.989 71.349 109.64 178.29 186.5 181.67 182.86 171.86 185.27 0 193.95 185.57 190.14 197.21 198.8 206.33 213.24 172.21 204.14 195.96 100.73 206.09 156.28 116.85 178.34 170.49 162.7 125.44 176.32 192.08 176.4 158.36 163.72 172.15 162.15 150.43 187.36 188.62 186.89 204.52 183.82 216.12 184.46 159.69 181.88 187.74 171.22 177.69 187.56 0 0 0 0 0 0 0 0 0 0 0 0 0 0 0 0 0 0 0 0 0 0 159.89 236.7 164.57 170.57 0 0 0 0 0
188.84 171.94 147.45 167.26 182.76 186.52 172.18 164.36 162.51 160 127.82 154.14 172.91 139.26 107.11 115.96 60.359 44.235 83.541 162.61 181.23 66.748 143.86 142.25 159 33.286 68.418 58.209 100.04 119.42 105.69 122.45 97.274 0 26.59 28.091 32.864 38.001 16.302 110.07 139.78 105.04 122.79 55.839 100.37 135.41 119.34 145.45 180.64 148.88 152.74 109.7 143.23 0 181.99 153.6 169.71 212.87 210.5 208.04 211.91 214.76 214.37 207.2 158.02 209.08 215.74 189.77 148.73 169.23 131.91 68.379 122.87 164.49 161.79 118.43 156.49 182.89 130.59 103.3 127.33 104.09 156.45 180.17 141.03 180.59 145.89 51.254 92.627 44.386 120.7 127.99 139.13 0 0 0 0 0 0 0 0 0 0 0 0 0 0 0 0 0 0 0 0 0 0 0 190.29 198.95 220.27 0 0 0 0 0
183.42 133.86 129.5 151.24 169.01 197.05 178.57 177.7 174.97 174.77 140.87 155.64 184.96 149.51 106.07 113.59 58.313 46.916 76.402 114.89 165.81 52.864 120.61 118.61 158.53 32.631 75.75 78.715 102.35 129.91 116.2 138.11 114.1 26.59 0 56.184 28.127 48.444 62.268 103.17 126.6 101.05 106.96 65.046 108.61 150.61 124.56 148.94 196.09 153.84 159.56 126.94 155.97 193.1 178.46 163.66 173.81 211.33 212.63 209.48 211.58 222.02 228.37 218.24 188.09 191.59 223.2 212.31 154.43 160.32 124.9 74.019 141.37 163.68 154.36 128.82 132.43 149.87 141.54 111.8 150.05 130.15 161.32 189.8 151.17 192.25 156.66 97.567 113 70.427 135.1 140.38 152.57 0 0 0 0 0 0 0 0 0 0 0 0 0 0 0 0 0 0 0 0 0 0 0 209.78 223.47 169.84 0 0 0 0 0
184.97 142.39 138.45 166.54 177.84 190.75 178.2 172.07 170.72 171.16 137.38 152.8 176.57 148.3 112.84 122.87 75.27 51.411 98.796 175.18 153.18 76.337 130.35 150.69 158.43 37.551 47.975 39.573 114.12 130.7 112.47 123.07 97.647 28.091 56.184 0 51.693 34.949 28.192 107.3 145.2 113.2 117.67 35.255 108.03 138.91 69.017 175.2 0 172.92 187.79 94.613 0 0 168.89 177.08 179.94 215.25 206.33 209.22 209.39 211.97 205.88 215.51 161.19 211.64 213.56 194.98 179.24 181.27 174.52 79.835 0 0 186.54 157.11 194.26 196.17 176.99 108.91 68.35 86.826 187.03 199.89 167.8 162.01 149.62 30.186 142.8 34.508 145.57 155.06 76.181 0 0 0 0 0 0 0 0 0 0 0 0 0 0 0 0 0 0 0 0 0 0 0 205.87 0 0 0 0 0 0 0
142.3 86.718 108.4 148.37 170.65 186.95 183.54 177.15 175.69 175.27 128.12 190.58 187.31 136.52 109.29 178.29 84.53 62.785 92.674 118.38 139.43 26.421 91.19 121.1 134.95 48.706 63.39 88.528 107.15 129.82 113.78 137.38 108.71 32.864 28.127 51.693 0 35.083 45.816 105.01 134.51 104.61 137.52 69.184 107.13 145.87 122.57 159.59 184.77 164.45 176.73 148.82 169.98 200.87 172.71 161.26 178.23 211.83 207.23 216.36 226.75 226.99 231.34 220.07 195.2 202.15 229.16 210.8 163.19 175.61 129.07 86.026 153.57 171.59 153.61 133.23 155.78 163.34 147.97 122.63 158.03 155.99 170.51 196.53 156.38 200.85 160.74 116.75 140.74 149.38 136.44 142.06 153.29 0 0 0 0 0 0 0 0 0 0 0 0 0 0 0 0 0 0 0 0 0 205.35 0 191.28 0 208.6 0 0 0 0 0
92.725 100.67 114.2 109.96 122.92 160.53 164.37 160.21 160.02 157.9 116.52 173.46 169.89 136.21 95.512 151.07 78.654 70.714 80.85 119.98 82.373 43.351 43.627 108.54 33.005 60.034 48.313 64.623 90.805 108.36 62.34 117.7 72.013 38.001 48.444 34.949 35.083 0 27.758 94.586 124.04 91.914 121.05 69.747 91.139 128.95 107.07 158.3 187.41 166.17 175.46 152.55 166.52 194.49 166.26 155.48 165.13 199.78 187.02 189.59 211.27 226.98 229.84 218.92 174.34 201.92 225.77 181.69 158.17 162.81 104.87 95.339 162.97 178.58 157.79 135.15 159.42 167.32 148.56 123.66 155.74 164.38 168.93 192.61 154.67 197.87 159.25 123.85 143.97 157.49 137.17 143.52 153.51 0 0 0 0 0 0 0 0 0 0 0 0 106.59 0 0 0 0 0 0 0 0 166.17 0 188.63 209.02 0 0 0 202.62 0 0
159.7 150.11 145.15 147.82 157.87 182.31 177 166.25 165.04 165.71 124.29 183 171.5 136.69 110.28 173.26 120.46 81.521 120.86 179.19 158.31 75.018 137.34 151.63 105.38 86.548 34.038 84.386 108.65 127.32 92.427 124 79.651 16.302 62.268 28.192 45.816 27.758 0 109.78 142.49 106.7 130.95 73.112 104.18 135.91 127.47 163.57 197.27 167.75 182.94 148.87 0 0 189.41 162.35 187.79 219.43 215.84 0 230.27 225.92 233.6 221.17 160.56 227.15 0 0 166.33 173.94 147.89 94.467 0 0 169.74 137.78 171.12 181.21 151.68 130.1 164.8 160.95 170.72 200.33 161.81 203.81 165.96 131.65 152.42 153.48 146.41 152.68 157.85 0 0 0 0 0 0 0 0 0 0 0 0 0 0 0 0 0 0 0 0 0 0 0 0 0 0 0 0 0 0 0
69.899 73.363 79.643 82.543 79.476 94.201 90.555 121.33 89.084 88.353 49.03 94.264 130.23 128.4 77.165 71.17 64.951 87.778 96.822 79.62 61.621 75.899 70.665 68.651 82.12 80.194 85.414 52.763 93.889 85.911 95.349 80.177 83.627 110.07 103.17 107.3 105.01 94.586 109.78 0 34.01 55.87 48.12 32.371 42.408 103.38 37.94 126.84 123.55 146.54 124.71 152.44 155.37 0 121.91 111.27 115.84 128 124.49 140.06 138.66 189.85 169.09 198.48 94.274 133.92 187.88 187.5 153.42 88.993 94.996 104.34 123.25 136.74 116.91 136.96 133.91 130.71 145.43 130.66 184.48 153.42 153.66 192 176.05 203.18 180.21 158.65 176.29 167.65 169.55 172.47 178.92 0 0 0 0 0 0 0 0 0 0 0 0 72.987 0 0 0 0 60.046 0 0 0 118.88 118.07 116.88 117.9 115.78 113.12 106.93 110.29 115.05 0
51.804 61.613 62.79 58.827 51.945 78.555 58.123 48.919 46.773 49.377 41.93 64.68 56.582 78.692 42.873 54.512 64.41 122.22 90.303 89.667 49.769 87.949 82.664 94.35 104.83 90.019 128.36 61.53 137.33 105.81 143.28 108 123.14 139.78 126.6 145.2 134.51 124.04 142.49 34.01 0 18.668 23.592 64.714 57.143 18.643 67.29 127.61 107.57 108.94 126.45 151.37 0 0 105.46 104.65 97.768 110.65 105.91 119.28 110.92 118.92 116.6 92.031 56.978 110.94 119.36 75.143 136.14 71.992 89.244 149.12 119.95 126.59 117.31 152.94 154.69 146.74 166.28 145.99 204.33 102.02 164.77 118.26 188.73 181.7 190.06 190.67 203.48 0 193.14 177.47 0 0 0 0 0 0 0 0 0 0 0 0 0 64.31 90.66 0 0 0 0 0 0 0 83.6 109.41 119.75 131.6 133.99 147.87 125.17 140.3 119.5 104.64
63.874 72.665 65.664 61.149 59.537 65.624 61.345 50.253 49.461 51.119 24.493 68.457 59.204 28.518 36.901 53.456 60.826 90.428 46.962 54.46 61.381 79.849 78.007 69.539 82.633 90.287 115.18 53.405 57.033 53.81 87.425 51.081 94.057 105.04 101.05 113.2 104.61 91.914 106.7 55.87 18.668 0 19.021 39.432 22.569 14.466 65.02 138.68 106.23 103.33 103.38 151.23 119.11 47.479 111.98 118.57 103.42 110.87 107.79 119.47 121.12 133.86 121.11 177.58 52.7 114.05 132.4 96.896 156.76 72.614 87.683 113.19 134.78 135.25 125.64 141.48 139.2 138.42 148.74 134.53 181.99 154.01 160.8 169.84 177.58 189.13 177.6 161.33 177.16 166.32 171.25 173.25 193.63 0 0 0 0 0 0 0 0 0 0 0 0 71.793 0 0 0 0 0 0 0 0 77.636 136.87 112.1 128.04 134.84 203.78 120.52 112.44 130.89 0
70.905 79.482 74.824 69.32 67.333 74.701 66.064 79.938 59.62 59.806 22.632 75.083 93.393 106.61 76.045 64.869 67.07 113.65 83.343 68.201 64.927 89.121 87.134 79.737 109.75 102.94 150.48 24.395 116.81 96.759 144.95 94.003 144.55 122.79 106.96 117.67 137.52 121.05 130.95 48.12 23.592 19.021 0 16.185 11.986 85.439 55.222 121.29 121.42 85.605 113.14 123.58 107.91 27.793 123.59 122.08 115.36 123.94 119.07 130.62 127.18 151.55 127.54 164.31 56.977 123.08 153.41 0 149.96 83.79 97.951 126.82 131.69 139.38 133.76 151.02 148.85 144.25 161.24 145.54 186.69 70.407 161.46 143.93 185.56 127.48 193.86 196.02 194.23 172.11 196.08 179.19 168.06 0 0 0 0 0 0 0 0 0 0 0 0 58.498 57.55 0 0 50.04 0 0 104.14 0 68.596 94.666 103.27 115.01 117.05 112.32 106.58 111.44 120.06 97.544
84.54 89.31 111.88 137.51 122.53 115.8 141.54 0 112.69 123.09 76.651 136.58 0 0 87.112 116.83 72.213 32.063 54.703 88.716 74.854 68.407 75.403 80.298 81.432 40.551 29.572 21.128 97.751 41.507 58.433 49.569 45.334 55.839 65.046 35.255 69.184 69.747 73.112 32.371 64.714 39.432 16.185 0 24.903 0 44.965 142.44 0 169.33 148.92 85.622 0 0 147.12 127.28 144.18 183.98 178.64 0 196.1 0 0 0 0 180.9 0 0 172.24 161.67 99.906 49.625 0 0 129 133.66 131.71 136.04 145.42 104.55 109.92 84.238 152.13 189.39 163.15 202.74 153.11 85.095 116.3 106.46 115.34 115.2 117.43 0 0 0 0 0 0 0 0 0 0 0 0 71.744 0 0 0 0 0 0 0 0 0 0 126.67 160.48 108.68 0 0 0 0 0
85.747 87.325 97.705 124.35 133.31 119.54 141.54 84.82 110.28 108.35 16.516 131.18 106.85 0 43.909 109.19 86.477 82.447 63.933 82.149 75.952 93.764 88.095 93.766 88.956 96.562 47.756 11.061 70.857 17.58 78.366 38.039 44.989 100.37 108.61 108.03 107.13 91.139 104.18 42.408 57.143 22.569 11.986 24.903 0 26.524 49.572 152.99 182.83 166.11 148.37 0 0 0 152.7 130.92 149.95 141.16 160.98 198.29 0 0 0 231.42 0 186.34 0 0 175.01 0 137.01 112.65 136.71 163.83 139.48 147.73 145.19 149.09 152.1 142.61 183.44 154.38 170.06 199.8 181.38 219.55 186.43 165.73 180.2 183.39 173.55 177.82 0 0 0 0 0 0 0 0 0 0 0 0 0 0 0 0 0 0 0 0 0 0 0 104.42 102.97 119.81 138.88 116.14 98.37 0 126.59 0
153.26 137.45 113.75 68.822 87.864 155.89 32.654 44.585 53.478 51.427 14.261 66.748 54.783 26.151 28.581 47.609 90.254 133.81 0 93.535 122.77 143.72 129.18 0 134.56 144.46 88.943 115.45 111.35 57.323 83.814 65.1 71.349 135.41 150.61 138.91 145.87 128.95 135.91 103.38 18.643 14.466 85.439 0 26.524 0 111.4 206.29 36.036 91.06 0 0 0 24.783 0 0 129.25 141.85 152.44 0 151.92 86.279 131.19 57.834 27.156 141.62 114.76 50.218 126.36 66.392 119.95 141.47 0 0 0 184.67 185.03 0 0 176 0 0 0 83.406 0 99.442 0 0 0 0 0 0 0 0 0 0 0 0 0 0 0 0 0 0 0 0 0 0 0 0 0 0 0 0 0 0 0 0 0 0 0 0 0 0
115.17 117.99 120.51 118.1 114.77 132.86 120.08 144.6 111.65 112.37 66.963 128.44 184.8 147.71 90.906 106.25 105.78 102.2 85.222 117.33 102.13 107.34 101.77 109.87 100.05 116.66 121.38 28.589 110.34 101.56 116.01 86.674 109.64 119.34 124.56 69.017 122.57 107.07 127.47 37.94 67.29 65.02 55.222 44.965 49.572 111.4 0 38.509 71.335 82.858 56.919 62.724 52.457 142.74 119.96 123.64 124.17 122.64 121.72 142.16 130.03 136.25 133.29 129.34 75.806 129.6 157.73 149.22 111.49 115.81 108.19 104.09 100.63 119.89 110.27 117.98 124.8 114 110.83 127.14 141.6 27.031 118.1 103.87 144.32 97.765 157.78 124.46 130.25 23.98 120.22 112.98 128.79 51.685 89.486 93.376 119.44 0 0 0 0 0 0 0 0 50.945 0 0 0 0 0 0 0 0 48.043 71.857 86.311 98.226 105.55 0 88.292 0 98.87 0
118.2 115.64 120.32 131.74 128.44 138.17 149.08 187.18 191.07 196.65 132.83 141.48 183.88 186.46 144.36 94.837 96.568 96.587 128.44 127.96 115.68 131.47 122.02 125.48 134.85 123 173.16 134.66 150.16 178.41 174.24 194.15 178.29 145.45 148.94 175.2 159.59 158.3 163.57 126.84 127.61 138.68 121.29 142.44 152.99 206.29 38.509 0 30.92 62.611 55.141 39.092 44.435 72.416 69.941 70.85 74.353 79.953 76.671 100.69 89.373 104.56 95.585 91.042 71.531 90.378 119.97 117.93 88.221 77.897 65.231 76.035 62.709 78.172 61.091 75.726 73.813 65.43 86.038 84.812 97.481 62.537 74.543 81.41 109.57 79.967 101.16 101.57 107.92 34.468 99.442 94.342 111.44 96.582 105.4 120.78 127.21 118.41 112.84 0 114.62 102.21 0 0 0 53.906 61.471 0 0 0 0 0 0 0 0 0 0 0 0 0 0 0 0 0
94.52 98.7 97.036 106.47 102.53 113.77 113.25 85.881 122.95 69.99 28.924 107.12 138.77 111.55 107.43 71.19 78.557 150.53 141.07 114.42 108.43 156.97 143.69 139.47 169.73 144.3 209.29 100.66 170.41 113.35 188.1 109.72 186.5 180.64 196.09 0 184.77 187.41 197.27 123.55 107.57 106.23 121.42 0 182.83 36.036 71.335 30.92 0 19.194 21.563 71.251 55.702 14.826 52.927 55.285 54.185 58.231 54.724 80.992 59.519 53.096 51.173 52.774 17.792 63.329 55.634 24.23 63.194 52.455 53.089 128.26 119.59 87.723 48.841 100.16 119.36 93.481 125.09 112.28 123.95 65.64 147.61 91.442 147.95 103.7 141.33 132.25 139.73 93.913 138.58 127.82 144.21 92.439 142.72 128.39 136.69 133.03 132.73 133.76 153.68 0 0 0 0 70.553 74.49 0 0 0 0 0 0 0 0 0 0 0 0 0 0 0 0 0
118.75 120.51 116.53 123.01 118.29 131.87 137.31 143.09 158.22 160.62 28.985 124.25 154.81 146.69 142.35 91.525 102.01 111.65 144.9 131.36 124.89 146.4 134.73 138.68 144.91 133.7 178.15 164.06 159.67 168.76 179.16 174.64 181.67 148.88 153.84 172.92 164.45 166.17 167.75 146.54 108.94 103.33 85.605 169.33 166.11 91.06 82.858 62.611 19.194 0 35.746 90.204 31.789 14.117 63.739 74.646 66.604 65.169 62.898 62.249 64.272 57.96 56.581 58.87 19.51 71.213 58.565 47.072 49.444 61.832 71.16 94.564 49.056 54.827 62.21 82.13 91.57 74.581 87.478 99.937 109.28 95.133 73.773 58.195 109.69 83.797 126.17 109.71 107.22 98.784 100.14 95.293 108.15 118.83 0 132.4 165.6 162.98 197.78 0 0 0 0 0 0 0 0 0 0 0 0 0 0 0 0 0 0 0 0 0 0 0 0 0
122.25 125.9 121.4 125.87 121.24 132.57 141.15 165.22 156.91 177.22 51.135 124.46 163.06 154.83 142.17 88.273 100.59 135.52 155.17 138.84 131.17 151 138 141.71 143.93 138.94 181.84 71.636 159.47 167.22 180.59 183.4 182.86 152.74 159.56 187.79 176.73 175.46 182.94 124.71 126.45 103.38 113.14 148.92 148.37 0 56.919 55.141 21.563 35.746 0 25.243 29.407 101.76 70.383 79.099 74.071 70.361 68.547 84.579 68.021 75.784 69.533 67.425 34.583 75.583 93.257 147.3 97.83 65.288 70.692 108.92 54.245 64.865 64.936 84.561 96.994 76.322 112.27 105.93 119.93 23.071 91.558 76.046 129.94 81.116 138.54 115.88 123.81 74.511 116.37 116.32 119.87 80.119 118.63 113.56 128.63 121.5 113.36 120.29 0 103.44 0 0 0 70.166 64.331 0 0 0 0 0 0 0 0 0 0 0 0 0 0 0 0 0
142.83 137.04 178.64 191.79 190.22 0 191.55 124.15 0 213.34 96.332 189.67 0 0 168.84 178.92 146.09 66.016 146.65 0 126.58 145.67 138.89 137.55 138.34 109.68 144.46 114.03 166.36 198.68 185.35 196.07 171.86 109.7 126.94 94.613 148.82 152.55 148.87 152.44 151.37 151.23 123.58 85.622 0 0 62.724 39.092 71.251 90.204 25.243 0 13.951 138.05 89.282 90.435 106.59 130.86 137.33 140.16 162.13 99.679 101.9 109.61 127.05 151.46 126.97 148.84 120.88 131.64 90.474 40.459 88.602 91.365 78.318 87.038 84.13 88.153 79.129 56.285 31.178 17.356 122.17 61.326 99.098 46.248 46.756 60.316 90.608 39.475 89.975 86.637 85.172 86.433 0 116.43 166.41 109.62 0 0 0 0 0 0 0 0 0 0 0 0 0 0 0 0 0 0 0 0 0 0 0 0 0 0
156.6 0 179.1 0 0 0 0 0 0 0 38.68 0 0 0 0 0 0 0 0 0 0 147.13 145.74 148.46 139.72 137.22 189.76 0 176.6 0 176.65 214.26 185.27 143.23 155.97 0 169.98 166.52 0 155.37 0 119.11 107.91 0 0 0 52.457 44.435 55.702 31.789 29.407 13.951 0 28.403 104.98 114.11 124.77 115.08 155.05 0 129.85 111.41 0 0 24.439 190.77 0 0 72.181 0 103.31 89.641 41.113 83.393 86.991 97.092 88.941 83.089 89.112 102.81 31.515 10.119 70.074 22.047 86.434 23.042 71.57 91.695 111.29 60.425 103.8 95.142 104.54 0 0 0 0 0 0 0 0 0 0 0 0 0 0 0 0 0 0 0 0 0 0 0 0 0 0 0 0 0 0 0
0 0 0 151.91 0 0 0 81.898 0 46.732 10.723 147.15 0 83.273 70.708 0 0 147.58 0 0 0 0 0 0 0 194.85 0 0 0 80.148 0 87.45 0 0 193.1 0 200.87 194.49 0 0 0 47.479 27.793 0 0 24.783 142.74 72.416 14.826 14.117 101.76 138.05 28.403 0 0 0 0 91.101 151.37 0 120.4 52.492 55.628 67.445 17.084 68.407 55.825 19.832 62.318 37.265 88.987 136.84 0 103.68 152.1 141.65 0 0 126.58 147.97 110.83 178.73 124.14 59.511 127.41 73.3 91.022 126.3 138.41 153.57 147.04 135.51 137.52 0 0 0 0 0 0 0 0 0 0 0 0 0 0 0 0 0 0 0 0 0 0 0 0 0 0 0 0 0 0 0
104.86 108.68 101.77 108.27 116.23 120.48 145.33 193.59 189.41 176.77 174.66 160.36 223.4 0 123.47 74.614 80.555 134.04 141.14 120.24 110.79 140.91 136.89 135.34 154.07 123.7 195.74 142.1 165.85 153.57 185.7 202.09 193.95 181.99 178.46 168.89 172.71 166.26 189.41 121.91 105.46 111.98 123.59 147.12 152.7 0 119.96 69.941 52.927 63.739 70.383 89.282 104.98 0 0 26.113 41.488 50.091 45.032 39.039 58.749 140.14 120.89 114.36 149.74 134.98 198.51 205.48 74.701 120.22 60.052 123.72 87.146 68.067 40.035 75.482 73.403 74.136 79.141 100.84 123.47 89.076 130.41 129.15 102.78 166.97 118.92 178.48 138.61 109.33 116.57 101.57 179.84 142.9 180.7 174.44 191.59 181.34 184.62 0 243.9 155.04 0 0 0 0 95.773 0 0 0 0 0 0 0 0 0 0 229.25 0 0 0 0 0 0
110.7 108.9 112.06 133.48 132.95 141 166.77 0 197.43 170.53 0 184.7 0 0 120.86 98.524 69.568 116.27 112.79 116.43 108.97 117.58 112.3 116.3 143.58 107.48 184.3 136.17 127.78 165.68 178.99 194.52 185.57 153.6 163.66 177.08 161.26 155.48 162.35 111.27 104.65 118.57 122.08 127.28 130.92 0 123.64 70.85 55.285 74.646 79.099 90.435 114.11 0 26.113 0 23.76 143.95 139.95 106.47 139.07 167.14 170.84 131.21 125.7 120.33 0 169.06 81.494 91.822 38.059 92.289 85.572 88.419 27.993 42.2 109.85 82.589 87.515 32.109 130.43 93.445 116.71 125.44 130.83 165.11 136.17 122.42 100.49 95.696 94.763 94.194 126.44 148.49 186.09 187.8 198.45 188 0 0 0 0 0 0 0 0 0 0 0 0 0 0 0 0 0 0 0 0 0 0 0 0 0 0
100.12 102.05 92.38 97.066 97.427 111.73 117.39 163.34 149.65 153.6 181.46 122.67 165.96 181.18 112.97 52.899 72.482 161.28 150.86 113.33 109.67 145.68 144.3 144.39 154.03 126.81 197.46 137.64 171.67 126.02 182.18 199.49 190.14 169.71 173.81 179.94 178.23 165.13 187.79 115.84 97.768 103.42 115.36 144.18 149.95 129.25 124.17 74.353 54.185 66.604 74.071 106.59 124.77 0 41.488 23.76 0 46.197 83.842 70.943 81.867 143.33 136.23 120.43 138.98 71.487 176.76 183.5 80.196 36.729 27.041 106.96 99.21 76.339 53.882 60.175 121.44 108.24 112.92 67.369 148.49 97.546 131.88 104.75 137.81 184.34 147.4 139.09 116.03 115.8 111.52 116.54 171.57 135.62 175.32 170.94 187.47 184.29 184.81 0 0 199.18 0 0 0 0 118.35 0 0 0 0 0 0 0 0 0 0 0 205.12 0 0 0 0 0
