0 0.096663 0.34862 0.35385 0.25965 0.177 0.17035 0.0011455 0.002743 0.010334 0.00039628 0.003418 0.0003839 6.8111e-05 0.21634 0.0096718 0.024978 0.001257 0.0052632 0.051901 0.58365 0.075176 0.096898 0.031102 0.041461 0.0096533 0.0068111 0.0167 0.053628 0.017108 0.35671 0.0073437 0.14159 0.0011269 0.00035294 0.00078638 0.0020124 0.022916 0.00073684 0.2809 0.047759 0.29881 0.22082 0.0063406 0.0064334 0.00010526 0.099313 0.026365 0.0060124 0.0077895 0.011003 0.00013003 3.7152e-05 0 0.28907 0.045207 0.31767 0.055207 0.13571 0.0056842 0.0024334 0.00010526 0.00070588 0.00041486 0.0027926 0.0035108 0.00010526 0 0.0031084 0.0019195 0.014724 0.00029721 0.00050774 0.017158 0.034037 0.010241 0.0031393 0.0038204 0.0023777 0.0094985 0.00036533 0.0011703 0.0029659 0.0010093 0.0093127 0.00048297 0.0026192 0.00014241 0.00027245 0.00022291 0.00043344 0.0014056 3.096e-05 0 0 0 0 0 0 0 0 0 0 0 0 8.6687e-05 1.2384e-05 0 0 0 0 0 0 0 6.192e-05 3.096e-05 0.00030341 0.00050774 0.0006192 4.9536e-05 3.096e-05 4.9536e-05 4.9536e-05 0
0.096663 0 0.18456 0.028025 0.0047988 0.01387 0.021251 6.192e-05 0.0004582 0.011009 0.00013622 0.0031331 4.9536e-05 0 0.043994 0.00187 0.18269 0.00042724 0.0029288 0.040923 0.16424 0.027598 0.0047926 0.013678 0.00068731 0.056799 0.00025387 0.015573 0.0020186 0.0019071 0.0017771 0.00066254 0.00065015 0.00014861 7.4303e-05 0.00016718 0.001065 0.0012941 8.6687e-05 0.25934 0.031542 0.085226 0.10331 0.0059443 0.0038142 3.096e-05 0.094372 0.014873 0.0019381 0.0055418 0.0047926 0.00016099 0 0 0.15097 0.15345 0.15923 0.0064644 0.012359 0.0022786 0.001969 6.192e-05 0.00014861 0.00052632 0.00041486 0.0017214 3.7152e-05 0 0.0048793 0.00058204 0.018161 9.2879e-05 0.0017214 0.007548 0.1091 0.0071331 0.0015851 0.0083715 0.00043344 0.0088297 5.5728e-05 0.00087307 0.0031393 0.00043963 0.00039009 4.9536e-05 0.00016718 8.6687e-05 9.9071e-05 0.00011146 0.00023529 0.00028483 3.096e-05 0 0 0 0 0 0 0 0 0 0 0 0 4.3344e-05 6.192e-06 0 0 0 0 0 0 0 3.7152e-05 4.9536e-05 0.0002291 0.00042724 0.00049536 3.096e-05 2.4768e-05 1.8576e-05 1.2384e-05 6.192e-06
0.34862 0.18456 0 0.10983 0.045474 0.2472 0.17168 0.00077399 0.0022477 0.0086811 0.00022291 0.027647 0.0024149 0.00086687 0.1764 0.30044 0.18667 0.014873 0.0025449 0.087214 0.040638 0.083065 0.015554 0.010954 0.0097647 0.22637 0.0045077 0.010241 0.0096161 0.033307 0.018099 0.0034303 0.010415 0.0010402 0.0010526 0.0015666 0.0076594 0.016762 0.00095356 0.36656 0.033938 0.27287 0.1435 0.0012693 0.0022601 0.0001548 0.087697 0.044557 0.012526 0.014458 0.017628 0.00027245 3.096e-05 0 0.18786 0.015492 0.47952 0.12289 0.22111 0.029622 0.036446 0.0010712 0.0050031 0.0015418 0.00016099 0.083647 0.00092879 0.00012384 0.007678 0.066229 0.058551 0.0011827 0.0005387 0.019189 0.017579 0.014272 0.0046254 0.0043963 0.0036471 0.018477 0.00052012 0.0015789 0.0045201 0.001839 0.014136 0.00095975 0.0045015 0.0008483 0.0013622 0.00064396 0.0025139 0.0027678 0.00021672 0 0 6.192e-06 0 0 0 0 0 0 0 0 0 8.6687e-05 0 0 0 0 0 0 0 0 0.00011146 7.4303e-05 0.00071827 0.00071827 0.0006192 2.4768e-05 3.7152e-05 3.096e-05 3.7152e-05 6.192e-06
0.35385 0.028025 0.10983 0 0.79622 0.16074 0.50915 0.01818 0.036254 0.020991 0.00055108 0.17061 0.011183 0.0070526 0.20778 0.11457 0.030718 0.027981 0.0030279 0.031059 0.012724 0.023003 0.031381 0.0074613 0.034105 0.069146 0.011003 0.0065139 0.019833 0.036062 0.061598 0.013796 0.04496 0.0036037 0.0014985 0.0033684 0.0055108 0.037096 0.0015356 0.24116 0.058799 0.17269 0.094638 0.00090402 0.00089783 0.0010526 0.05231 0.020093 0.0085077 0.0099938 0.0093251 0.00013622 0 3.7152e-05 0.028198 0.0015913 0.11759 0.11035 0.1514 0.014384 0.057418 0.021814 0.030867 0.0060124 0.00027864 0.17794 0.024693 0.0010836 0.0064706 0.043851 0.019071 0.0013746 0.00025387 0.0059752 0.0031455 0.0068545 0.0032817 0.0023591 0.0020186 0.0088916 0.00033437 0.00068731 0.0030464 0.001356 0.0080681 0.00052012 0.0020805 0.00079257 0.0012508 0.00037771 0.0023344 0.0013932 0.00023529 0 0 0 0 0 0 0 0 0 0 0 0 5.5728e-05 1.2384e-05 0 0 0 0 0 0 0 0.00012384 9.9071e-05 0.00039628 0.00050774 0.00039009 1.8576e-05 1.8576e-05 1.8576e-05 0 0
0.25965 0.0047988 0.045474 0.79622 0 0.26298 0.68211 0.018229 0.011022 0.012062 0.00042724 0.06491 0.0043158 0.00079876 0.1051 0.040978 0.0074241 0.0056656 0.00081115 0.016111 0.012693 0.0066687 0.013542 0.0042848 0.012409 0.0173 0.011765 0.0037276 0.018328 0.024539 0.17931 0.0087802 0.13729 0.0015604 0.00050774 0.0014427 0.002 0.015783 0.00093498 0.23249 0.1646 0.10895 0.057523 0.00050155 0.00097833 0.00050774 0.04008 0.015455 0.0096718 0.0084025 0.007418 7.4303e-05 0 0 0.01148 0.0012384 0.086062 0.10407 0.17109 0.015356 0.083542 0.0047802 0.010334 0.0035604 9.2879e-05 0.14352 0.0026502 0.00025387 0.0071146 0.033585 0.017176 0.00058824 0.00014241 0.0029474 0.0028545 0.0027678 0.0016656 0.0012632 0.0013684 0.0048421 0.00016718 0.00058204 0.0019257 0.00070588 0.0054489 0.00030341 0.0015604 0.0002291 0.00027245 0.00036533 0.0004582 0.00052632 8.0495e-05 0 0 0 0 0 0 0 0 0 0 0 0 2.4768e-05 0 0 0 0 0 0 0 0 6.192e-05 2.4768e-05 0.00026625 0.00033437 0.00028483 1.2384e-05 3.096e-05 1.8576e-05 6.192e-06 6.192e-06
0.177 0.01387 0.2472 0.16074 0.26298 0 0.18586 0.00071207 0.0019195 0.008031 0.00012384 0.0070155 0.00032817 0.00013003 0.078229 0.028539 0.011517 0.0022167 0.0034489 0.03618 0.047096 0.020359 0.048805 0.045102 0.0034985 0.010687 0.0017399 0.00095975 0.097412 0.015356 0.13316 0.0036904 0.029176 0.00063158 0.00026006 0.00034056 0.00092879 0.0035789 0.00027245 0.016923 0.0030402 0.03257 0.01187 0.00016718 0.00030341 6.192e-05 0.004904 0.0043467 0.0014799 0.0015604 0.0018452 0 0 0 0.017356 0.0015975 0.053684 0.018043 0.030817 0.0036594 0.0051827 7.4303e-05 0.0002291 0.00014861 0.00016718 0.01452 9.2879e-05 0 0.0011641 0.007356 0.0056285 0.00016718 0.0002291 0.0015728 0.0041672 0.0037709 0.0015728 0.0016223 0.00034675 0.0029721 3.7152e-05 0.0001548 0.0009969 0.00022291 0.0015851 6.8111e-05 0.0004582 4.3344e-05 6.192e-05 3.7152e-05 0.00013003 0.00014861 0 0 0 0 0 0 0 0 0 0 0 0 0 6.192e-06 0 0 0 0 0 0 0 0 6.192e-06 6.192e-06 3.096e-05 2.4768e-05 0 0 6.192e-06 0 0 0
0.17035 0.021251 0.17168 0.50915 0.68211 0.18586 0 0.0028793 0.057115 0.10221 0.0055728 0.1164 0.0012446 0.0032755 0.46123 0.052613 0.014421 0.0093498 0.0078947 0.049548 0.029659 0.013882 0.021022 0.032409 0.0077895 0.037529 0.0070526 0.0021238 0.16046 0.057765 0.22942 0.034799 0.08595 0.0060186 0.0012508 0.0041362 0.0062848 0.01761 0.002031 0.16317 0.10447 0.14189 0.09252 0.00047678 0.00082353 0.0010836 0.029282 0.006935 0.0040805 0.0033684 0.0029102 3.7152e-05 0 0 0.0049536 0.0016904 0.034991 0.041926 0.070718 0.0054489 0.032087 0.00094737 0.0018142 0.00082353 0.00018576 0.057672 0.00063777 9.2879e-05 0.0028483 0.019591 0.0077152 0.0006192 0.00014241 0.00086068 0.0029474 0.004291 0.0018947 0.0013375 0.0007678 0.0048297 9.9071e-05 0.00027245 0.00096594 0.00025387 0.0016347 4.9536e-05 0.0004582 0.00036533 0.00041486 0.00011765 0.0007678 0.00033437 6.8111e-05 0 0 0 0 0 0 0 0 0 0 0 0 3.7152e-05 0 0 0 0 0 0 0 0 4.9536e-05 3.7152e-05 0.00024149 0.0003096 0.00021053 6.192e-06 2.4768e-05 1.2384e-05 1.8576e-05 0
0.0011455 6.192e-05 0.00077399 0.01818 0.018229 0.00071207 0.0028793 0 0.18046 0.1357 0.0067926 0.0035232 0.0035356 0.0098328 0.029851 0.0069102 0.00039628 0.00043344 0 8.0495e-05 0.00035294 0.00050774 0.00065015 0.00030341 0.00081115 0.0010836 0.00050155 0.00024149 0.0016533 0.036594 0.006774 0.023746 0.0062353 0.0015789 0.00032198 0.0011889 0.0011146 0.002483 0.00044582 0.0023344 0.0049783 0.01831 0.00078638 0 7.4303e-05 0.021926 0.00052012 0.00059443 0.0010217 0.00094118 0.00037152 3.096e-05 0 9.9071e-05 0.00012384 0 0.00043344 0.0074489 0.0025511 0.00014861 0.0012693 0.024786 0.0054118 0.0048297 0.010471 0.018749 0.06265 0.022824 0.0011703 0.0042601 0.00047678 0.00021672 0 0.00083591 0.00011146 0.00055108 0.00040867 6.192e-05 0.00021053 0.0007678 0 6.8111e-05 8.6687e-05 0.0081548 0.0002291 0.00068731 8.0495e-05 0.00013003 0 0.00014241 4.9536e-05 0.00017957 8.0495e-05 0 0 0 0 0 0 0 0 0 0 0 0 0 0 0 0 0 0 0 0 0 0 0 0 0 0 0 0 0 0 0
0.002743 0.0004582 0.0022477 0.036254 0.011022 0.0019195 0.057115 0.18046 0 0.13698 0.00081734 0.012613 0.0080062 0.0015604 0.034099 0.006452 0.00066873 0.00070588 0.00019814 0.00088545 0.0011146 0.0013313 0.0011703 0.00097833 0.001387 0.0019505 0.00069969 0.00041486 0.0068669 0.035022 0.01439 0.027641 0.010118 0.0026997 0.00051393 0.0019628 0.0021115 0.0044582 0.00089164 0.016341 0.020978 0.045703 0.011591 4.9536e-05 0.00017957 0.0076842 0.0033808 0.00028483 0.00019195 0.00030341 0.00011146 0 0 0 9.2879e-05 3.096e-05 0.00040867 0.0064025 0.0031269 9.2879e-05 0.00099071 0.0035232 0.004031 0.00085449 0.00021053 0.011108 0.0047121 0.0010526 0.00022291 0.0017709 0.00012384 0.00012384 0 8.0495e-05 0.00016099 0.0011207 0.00059443 0.00017337 0.00026625 0.0010341 0 3.7152e-05 0.00013003 0.00029721 0.00014861 3.7152e-05 0 3.7152e-05 0 3.096e-05 0 3.7152e-05 0 0 0 0 0 0 0 0 0 0 0 0 0 0 0 0 0 0 0 0 0 0 0 0 1.2384e-05 6.192e-06 1.8576e-05 0 0 6.192e-06 0 0
0.010334 0.011009 0.0086811 0.020991 0.012062 0.008031 0.10221 0.1357 0.13698 0 0.0047802 0.0076656 0.019709 0.0060557 0.23135 0.0026006 0.00078638 0.0008483 0.002644 0.014576 0.013907 0.0034799 0.0037647 0.0034985 0.0029783 0.003808 0.0015356 0.0010279 0.029108 0.074923 0.03992 0.062588 0.02291 0.0071579 0.0010774 0.0043467 0.00587 0.012898 0.00187 0.042409 0.033183 0.09574 0.042582 9.9071e-05 0.00029721 0.0020743 0.0073189 0.00040867 0.00048297 0.00032817 0.00013622 4.3344e-05 0 0.00011146 0.00051393 0.00063777 0.0011331 0.0014303 0.0013746 0.00014861 0.00047059 0.005356 0.00063777 0.0023406 0.0092384 0.0022167 0.0076347 0.0098452 0.00055728 0.0019071 0.00050155 0.0002291 4.3344e-05 0.00029721 0.00084211 0.0021858 0.00097833 0.00033437 0.00026625 0.0018885 8.0495e-05 0.00013003 0.00021672 0.0051579 0.00019195 0.00049536 0.00011146 9.2879e-05 0 0.00011765 8.6687e-05 0.00011146 0 0 0 0 0 0 0 0 0 0 0 0 0 6.192e-06 6.192e-06 0 0 0 0 0 0 0 6.192e-06 0 2.4768e-05 4.9536e-05 4.9536e-05 0 1.2384e-05 6.192e-06 0 0
0.00039628 0.00013622 0.00022291 0.00055108 0.00042724 0.00012384 0.0055728 0.0067926 0.00081734 0.0047802 0 0.043554 0.0029969 0.006 0.0093498 0.13343 0.01743 0.012545 4.9536e-05 0 0.0003839 0.0014056 0.0009226 0.00017337 0.0010836 0.0095789 0.0011579 0.0012941 0.00036533 0.022563 0.0028793 0.021344 0.0071765 0.0020991 0.00050774 0.0017461 0.0011703 0.0025015 0.0003839 0.0064768 0.00060681 0.0065387 0.0016409 0.00024149 0.0060867 0.0057399 0.0016594 0.00037771 0.00021053 0.0019009 0.00024149 7.4303e-05 0.00011765 0.00058204 5.5728e-05 0 3.7152e-05 9.9071e-05 7.4303e-05 0 0 0.00086068 0.00013622 0.00037771 0.0024396 0.00022291 0.00066873 0.0014861 0.00019814 0.00050774 8.6687e-05 0.00031579 0 0 0.00011146 0.001096 0.0006192 0.00016718 0.00035913 0.0013808 0.00014241 8.0495e-05 0.00022291 0.0022415 0.00025387 0.00082353 0.00027245 0.00032817 0.00023529 0.00016718 0.00056966 0.00037152 0.00011146 0 0 0 0 0 0 0 0 0 0 0 0 0 0 0 0 0 0 0 0 0 0 0 6.192e-06 0 0 0 0 0 0 0
0.003418 0.0031331 0.027647 0.17061 0.06491 0.0070155 0.1164 0.0035232 0.012613 0.0076656 0.043554 0 0.030947 0.06587 0.077839 0.48549 0.066873 0.075567 0.00020433 0.0011269 0.0028359 0.0023096 0.0013127 0.00077399 0.0006935 0.060341 0.00063777 0.0059381 0.0069969 0.010229 0.0079443 0.0076904 0.003709 0.003808 0.00084211 0.0055666 0.0015975 0.003356 0.00044582 0.095381 0.040867 0.055678 0.044848 0.0009969 0.00026625 0.0017152 0.019437 0.0133 0.010712 0.010675 0.0081734 6.8111e-05 0 0.00010526 0.0033065 0.00021672 0.011084 0.15326 0.17006 0.0037833 0.081517 0.046229 0.043102 0.0077647 0.00086068 0.26857 0.06431 0.0040805 0.0086316 0.080892 0.010929 0.002161 0.00016099 0.0017399 0.001195 0.0041053 0.0016037 0.0013437 0.001195 0.0071393 0.0003839 0.00029721 0.0024706 0.0013684 0.0043715 0.00044582 0.0011146 0.0018328 0.0025325 0.00035913 0.0045511 0.0015728 0.00037152 0 0 0 0 0 0 0 0 0 0 0 0 6.192e-06 0 0 0 0 0 0 0 0 3.7152e-05 3.096e-05 0.00013003 0.0001548 0.00014861 6.192e-06 1.2384e-05 1.2384e-05 6.192e-06 0
0.0003839 4.9536e-05 0.0024149 0.011183 0.0043158 0.00032817 0.0012446 0.0035356 0.0080062 0.019709 0.0029969 0.030947 0 0.046545 0.0077647 0.044966 0.0016099 0.00091022 0 0 9.2879e-05 0.00016099 0.0002291 6.8111e-05 0.00030341 0.0012632 0.00016718 0.00018576 0.00043344 0.009678 0.0020929 0.0075789 0.0020248 0.00055728 0.00013003 0.00045201 0.00034675 0.00074923 0.00012384 0.0012074 0.0024087 0.0068421 0.00039009 0 4.3344e-05 0.0068916 0.00024768 0.00066873 0.00068731 0.0010341 0.00043344 0 0 0 0.00013003 0 0.00039628 0.014724 0.0031579 0.00017337 0.0012322 0.033529 0.010192 0.0018762 0.0018947 0.034477 0.084124 0.0091207 0.00090402 0.0073746 0.0002291 5.5728e-05 0 0.00052632 8.6687e-05 0.00021053 0.00019195 3.7152e-05 9.9071e-05 0.00024768 0 0 0.00010526 0.001387 0.00014241 0.00019195 0 4.9536e-05 0 4.3344e-05 3.7152e-05 8.6687e-05 0 0 0 0 0 0 0 0 0 0 0 0 0 0 0 0 0 0 0 0 0 0 0 0 0 0 0 0 0 0 0 0
6.8111e-05 0 0.00086687 0.0070526 0.00079876 0.00013003 0.0032755 0.0098328 0.0015604 0.0060557 0.006 0.06587 0.046545 0 0.0085263 0.043375 0.00079257 0.00050155 0 0 3.096e-05 8.0495e-05 9.2879e-05 0 7.4303e-05 0.00040867 0.00010526 6.8111e-05 0.00014241 0.016997 0.00086687 0.010712 0.0017028 0.00024149 3.096e-05 0.00017337 7.4303e-05 0.00027245 4.9536e-05 0.00023529 0.00039009 0.0018266 0.00011765 0 0 0.0014861 8.0495e-05 0.00019814 0.00027245 0.0003839 0.00013003 0 0 4.3344e-05 0 0 0.00012384 0.0032941 0.00086687 0 0.0003096 0.012056 0.0018947 0.00097833 0.004031 0.0088607 0.047269 0.011257 0.0003096 0.0025325 8.6687e-05 0 0 0.00060681 3.096e-05 4.9536e-05 0 0 3.096e-05 9.2879e-05 0 0 0 0.0015542 7.4303e-05 0.00017337 0 0 3.096e-05 0 3.096e-05 3.096e-05 0 0 0 0 0 0 0 0 0 0 0 0 0 0 0 0 0 0 0 0 0 0 0 0 0 0 0 0 0 0 0 0
0.21634 0.043994 0.1764 0.20778 0.1051 0.078229 0.46123 0.029851 0.034099 0.23135 0.0093498 0.077839 0.0077647 0.0085263 0 0.025666 0.012811 0.0092755 0.032904 0.22224 0.38084 0.084217 0.036347 0.054235 0.019752 0.046155 0.0051517 0.0076471 0.063913 0.12355 0.044929 0.04013 0.017573 0.0087926 0.0046563 0.0068297 0.014452 0.028954 0.0035728 0.025913 0.015127 0.051474 0.0085263 0.00049536 0.0011703 0.0033994 0.0089783 0.0046378 0.0013127 0.0016285 0.0012322 9.9071e-05 0 7.4303e-05 0.0088111 0.0041362 0.025387 0.012328 0.019009 0.0019009 0.0049102 0.0019814 0.00069969 0.0011889 0.006291 0.012192 0.0019443 0.0039814 0.0017276 0.0069226 0.0043777 0.0011517 0.00048916 0.0015851 0.0084396 0.012192 0.0076656 0.0047121 0.0031455 0.014731 0.00019814 0.00034056 0.003387 0.0034799 0.0021981 0.00081115 0.00098452 0.00032198 0.00058204 0.00029102 0.0011641 0.00078638 0.0001548 0 0 0 0 0 0 0 0 0 0 0 0 0 0 0 0 0 0 0 0 0 0 1.8576e-05 6.192e-06 1.8576e-05 1.2384e-05 0 0 0 0 0
0.0096718 0.00187 0.30044 0.11457 0.040978 0.028539 0.052613 0.0069102 0.006452 0.0026006 0.13343 0.48549 0.044966 0.043375 0.025666 0 0.14341 0.061796 0.00011146 0.0091022 0.0014056 0.0010588 0.00058204 0.00040248 0.00029721 0.060712 0.00029721 0.005548 0.0013746 0.006935 0.002483 0.0023529 0.0014923 0.0027059 0.00078019 0.004322 0.00032817 0.00080495 9.9071e-05 0.050811 0.0091517 0.025808 0.013065 0.00052632 8.0495e-05 0.0027368 0.009839 0.0051207 0.0020062 0.0020495 0.0020619 4.3344e-05 0 0 0.0025077 0.0003839 0.035789 0.023164 0.022731 0.0018885 0.0065139 0.005517 0.0045263 0.0007678 0.0010031 0.039498 0.0094241 0.00082353 0.0014489 0.02239 0.0078266 0.0011084 4.9536e-05 0.0013127 0.00042105 0.0018328 0.00019195 0.00021672 0.00022291 0.0036966 0.00016718 0.00018576 0.00062539 0.00060681 0.0012508 0.00017337 0.00035913 0.00073065 0.0011146 0.00012384 0.0019628 0.00060681 0.00014861 0 0 0 0 0 0 0 0 0 0 0 0 6.192e-06 0 0 0 0 0 0 0 0 6.192e-06 1.2384e-05 7.4303e-05 6.8111e-05 4.3344e-05 0 6.192e-06 0 0 6.192e-06
0.024978 0.18269 0.18667 0.030718 0.0074241 0.011517 0.014421 0.00039628 0.00066873 0.00078638 0.01743 0.066873 0.0016099 0.00079257 0.012811 0.14341 0 0.18242 0.0021734 0.0098576 0.021851 0.037505 0.022817 0.023207 0.0017585 0.77548 0.0014056 0.020149 0.0096347 0.0026254 0.0038019 0.00087307 0.0013808 0.010972 0.0068607 0.015771 0.0031517 0.0044954 0.00024768 0.040799 0.0043839 0.019814 0.011015 0.0024025 0.00068111 0.00069969 0.012025 0.011461 0.002935 0.0037895 0.0037647 0.00011146 0 0 0.050471 0.02143 0.13006 0.027127 0.050167 0.0029226 0.0047183 0.00040867 0.00081734 0.00043344 6.192e-05 0.010557 0.00049536 4.3344e-05 0.0023591 0.0075913 0.015127 0.0030279 0.0012012 0.0053437 0.024192 0.017697 0.0065015 0.0080248 0.0013127 0.021071 0.00039009 0.00058824 0.005226 0.00094737 0.0039814 0.00047678 0.0013251 0.0018514 0.0028359 0.00034056 0.0045635 0.0015789 0.00027245 0 0 0 0 0 0 0 0 0 0 0 0 6.192e-06 0 0 0 0 0 0 0 0 1.2384e-05 1.2384e-05 3.096e-05 6.192e-05 4.9536e-05 0 0 0 0 0
0.001257 0.00042724 0.014873 0.027981 0.0056656 0.0022167 0.0093498 0.00043344 0.00070588 0.0008483 0.012545 0.075567 0.00091022 0.00050155 0.0092755 0.061796 0.18242 0 0.0038514 0.0013994 0.00072446 0.035889 0.012576 0.014991 0.0035604 0.41838 0.0066935 0.016006 0.022192 0.0060433 0.012173 0.0030155 0.0075356 0.026502 0.04917 0.011344 0.023672 0.011827 0.0017399 0.021907 0.0014365 0.010006 0.0019814 0.0046749 0.0015046 0.0009226 0.0098452 0.0039876 0.00018576 0.0012632 0.00044582 0.00089783 0 5.5728e-05 0.00056966 0.00060062 0.0010526 0.0016409 0.0017214 0.00014241 0.00075542 0.00031579 0.00036533 0.0004644 0.0002291 0.0021796 0.00029721 8.0495e-05 0.0014799 0.0015294 0.002805 0.0054923 0.0002291 0.0003839 0.0016409 0.014006 0.0071703 0.0035294 0.0032879 0.035034 0.00063158 0.0019938 0.0047988 0.0014551 0.003226 0.00094118 0.0014923 0.0048854 0.0075046 0.0013498 0.0079567 0.0027678 0.00066873 0 0 0 0 0 0 0 0 0 0 0 0 0 0 0 0 0 0 0 0 0 0 0 6.192e-06 1.2384e-05 1.8576e-05 0 0 0 0 0
0.0052632 0.0029288 0.0025449 0.0030279 0.00081115 0.0034489 0.0078947 0 0.00019814 0.002644 4.9536e-05 0.00020433 0 0 0.032904 0.00011146 0.0021734 0.0038514 0 0.065641 0.032613 0.059337 0.015251 0.033721 0.0049536 0.020706 0.00036533 0.0013003 0.12885 0.012124 0.0030031 0.00021053 0.00047678 0.00029102 0.00063777 0.00032198 0.0006935 0.0020991 3.7152e-05 0.001257 0.0002291 0.0059938 0.00065635 0.00019814 9.9071e-05 0 0.0017214 0.00095356 4.9536e-05 0.00027864 0.00016099 4.9536e-05 0 0 0.00080495 0.001387 0.00062539 0.00013622 0.00027245 0.00012384 0.00013622 4.3344e-05 0 4.9536e-05 0 7.4303e-05 0 0 0.00050774 4.9536e-05 0.00063777 0.00040867 0.00024768 0.00051393 0.0047059 0.0039009 0.0025944 0.0022167 0.00073065 0.0048854 8.0495e-05 0.00011765 0.0013437 0.00029721 0.0004582 9.9071e-05 0.00023529 0.00010526 0.00012384 0 0.00023529 0.00016099 0 0 0 0 0 0 0 0 0 0 0 0 0 0 0 0 0 0 0 0 0 0 0 0 0 0 0 0 0 0 0 0
0.051901 0.040923 0.087214 0.031059 0.016111 0.03618 0.049548 8.0495e-05 0.00088545 0.014576 0 0.0011269 0 0 0.22224 0.0091022 0.0098576 0.0013994 0.065641 0 0.14884 0.040056 0.049845 0.12607 0.0023901 0.024563 0.00023529 0.0012012 0.10861 0.016588 0.022508 0.0015356 0.0019071 0.00027864 0.00018576 0.00016099 0.00067492 0.0017523 7.4303e-05 0.014118 0.0017771 0.050898 0.01218 0.00027245 0.00020433 3.7152e-05 0.0047678 0.0029288 0.00048297 0.00083591 0.00075542 0 0 0 0.010279 0.0059752 0.020347 0.0040929 0.0082167 0.00058824 0.00042724 0 0 6.8111e-05 8.6687e-05 0.0006935 0 0 0.00074923 0.00073684 0.0031827 0.00017957 0.00056966 0.0016223 0.012446 0.0046254 0.0022972 0.003709 0.00025387 0.0038638 4.3344e-05 0.00017337 0.0017895 0.00016099 0.00069969 0.00012384 0.00016099 3.7152e-05 6.8111e-05 6.192e-05 3.096e-05 7.4303e-05 0 0 0 0 0 0 0 0 0 0 0 0 0 0 0 0 0 0 0 0 0 0 0 0 1.8576e-05 3.096e-05 4.3344e-05 0 0 0 0 6.192e-06
0.58365 0.16424 0.040638 0.012724 0.012693 0.047096 0.029659 0.00035294 0.0011146 0.013907 0.0003839 0.0028359 9.2879e-05 3.096e-05 0.38084 0.0014056 0.021851 0.00072446 0.032613 0.14884 0 0.097703 0.29588 0.23987 0.02309 0.020545 0.0047988 0.026582 0.032477 0.011399 0.22053 0.0038824 0.098495 0.00060062 0.00016718 0.00040248 0.0010279 0.01104 0.00027245 0.33006 0.047957 0.27732 0.14512 0.0098885 0.0040991 9.9071e-05 0.13092 0.010328 0.0011331 0.0032817 0.0026502 0.00011146 0 0 0.065957 0.068991 0.0493 0.0063529 0.011814 0.0018328 0.0018019 0.000613 0.00039628 0.0019628 0.0055232 0.0014303 0.00019195 0.00019195 0.009839 0.00042724 0.010198 0.00016718 0.0028235 0.0067492 0.083331 0.012471 0.0062848 0.016316 0.00051393 0.011406 5.5728e-05 0.00057585 0.0064272 0.0006935 0.0010279 0.00016099 0.0001548 6.192e-05 6.8111e-05 0.00011765 0.00016718 0.00026625 0 0 0 0 0 0 0 0 0 0 0 0 0 3.7152e-05 0 0 0 0 0 0 0 0 3.096e-05 1.8576e-05 0.00023529 0.00056347 0.00048916 2.4768e-05 2.4768e-05 4.3344e-05 4.3344e-05 0
0.075176 0.027598 0.083065 0.023003 0.0066687 0.020359 0.013882 0.00050774 0.0013313 0.0034799 0.0014056 0.0023096 0.00016099 8.0495e-05 0.084217 0.0010588 0.037505 0.035889 0.059337 0.040056 0.097703 0 0.63752 0.16558 0.1836 0.17824 0.029697 0.039412 0.14838 0.032991 0.092031 0.0097895 0.038415 0.010805 0.012687 0.01644 0.10796 0.2315 0.007096 0.1262 0.0065077 0.07005 0.013313 0.011232 0.0057957 9.2879e-05 0.066675 0.016477 0.00043344 0.0049598 0.0016347 0.00095356 0.00013622 0 0.0076594 0.006291 0.0063777 0.0019628 0.0025201 0.0016037 0.0018514 0.00078638 0.00058204 0.0016347 0.00036533 0.0012879 0.00019195 9.9071e-05 0.0068916 0.0015851 0.0057461 0.0069474 0.0029536 0.0093932 0.038006 0.10998 0.074136 0.051108 0.0173 0.11065 0.0042353 0.002613 0.030477 0.0075913 0.017474 0.0039009 0.0095728 0.018471 0.034012 0.0026068 0.052093 0.02174 0.005356 0 0 0 0 0 0 0 0 0 0 0 0 3.096e-05 0 0 0 0 0 0 0 0 6.192e-06 6.192e-06 9.9071e-05 0.00013003 0.00010526 6.192e-06 0 6.192e-06 1.2384e-05 0
0.096898 0.0047926 0.015554 0.031381 0.013542 0.048805 0.021022 0.00065015 0.0011703 0.0037647 0.0009226 0.0013127 0.0002291 9.2879e-05 0.036347 0.00058204 0.022817 0.012576 0.015251 0.049845 0.29588 0.63752 0 0.18163 0.11748 0.087517 0.0032446 0.0073251 0.11229 0.025864 0.30929 0.008483 0.048978 0.0017337 0.00078019 0.0015356 0.0052136 0.034557 0.00069969 0.09296 0.0051146 0.037344 0.0073251 0.0022477 0.0037647 8.6687e-05 0.033567 0.014074 0.00040248 0.0040248 0.0016037 0.00027864 6.8111e-05 0 0.0069969 0.010966 0.0057461 0.0015232 0.0021486 0.0012879 0.0011022 0.00017957 0.00013003 0.00043344 0.00019814 0.00081115 4.3344e-05 3.7152e-05 0.0051146 0.0003096 0.0086254 0.0020186 0.0028669 0.0060991 0.05374 0.081721 0.043344 0.038087 0.0035232 0.047969 0.00029721 0.0012384 0.017467 0.0024396 0.0049226 0.0011084 0.0010898 0.00079876 0.0012198 0.00066254 0.0021858 0.0016471 0.00028483 0 0 0 0 0 0 0 0 0 0 0 0 0 0 0 0 0 0 0 0 0 0 6.192e-06 2.4768e-05 3.096e-05 5.5728e-05 0 6.192e-06 0 0 0
0.031102 0.013678 0.010954 0.0074613 0.0042848 0.045102 0.032409 0.00030341 0.00097833 0.0034985 0.00017337 0.00077399 6.8111e-05 0 0.054235 0.00040248 0.023207 0.014991 0.033721 0.12607 0.23987 0.16558 0.18163 0 0.04231 0.10537 0.00094118 0.0027926 0.23185 0.023288 0.25189 0.0045077 0.010873 0.00068111 0.00043344 0.00036533 0.0021176 0.0051889 0.00032817 0.030972 0.0019319 0.02709 0.0056285 0.00082353 0.00049536 0 0.014446 0.0094861 0.00024768 0.0028854 0.0012446 0.00022291 4.3344e-05 0 0.0053313 0.012186 0.0037771 0.00089164 0.0013622 0.0010836 0.0010093 0.00012384 7.4303e-05 0.00024768 6.192e-05 0.0004582 0 0 0.0035975 0.00014241 0.007709 0.0018885 0.0026068 0.0041981 0.048111 0.050421 0.023164 0.023529 0.0021362 0.032768 4.9536e-05 0.00084211 0.011604 0.0014365 0.0023839 0.00054489 0.00030341 0.00026006 0.00028483 0.00040248 0.00042105 0.00044582 4.9536e-05 0 0 0 0 0 0 0 0 0 0 0 0 0 0 0 0 0 0 0 0 0 0 1.2384e-05 1.2384e-05 1.8576e-05 1.2384e-05 0 6.192e-06 0 0 0
0.041461 0.00068731 0.0097647 0.034105 0.012409 0.0034985 0.0077895 0.00081115 0.001387 0.0029783 0.0010836 0.0006935 0.00030341 7.4303e-05 0.019752 0.00029721 0.0017585 0.0035604 0.0049536 0.0023901 0.02309 0.1836 0.11748 0.04231 0 0.018303 0.0079257 0.0035294 0.11739 0.028576 0.84409 0.014749 0.14692 0.0017895 0.00035913 0.00095975 0.0026378 0.04896 0.0010155 0.041461 0.0016718 0.023437 0.0020124 0.00081734 0.0039257 6.192e-05 0.011944 0.0020929 5.5728e-05 0.0007678 0.00032817 9.2879e-05 3.7152e-05 0 0.0021176 0.00032198 0.0021115 0.00060681 0.0010217 5.5728e-05 0.00014861 5.5728e-05 5.5728e-05 3.096e-05 3.096e-05 0.00023529 0 3.096e-05 0.00063158 0.00010526 0.00058824 0.00059443 0.00012384 0.00020433 0.0016161 0.012582 0.0046192 0.0021486 0.00092879 0.0069536 5.5728e-05 0.00014861 0.0014737 0.0003096 0.00060681 0.00024149 0.00024768 0.0001548 0.00019195 7.4303e-05 0.00034675 0.00027245 3.7152e-05 0 0 0 0 0 0 0 0 0 0 0 0 0 0 0 0 0 0 0 0 0 0 0 1.8576e-05 1.8576e-05 2.4768e-05 0 0 0 0 0
0.0096533 0.056799 0.22637 0.069146 0.0173 0.010687 0.037529 0.0010836 0.0019505 0.003808 0.0095789 0.060341 0.0012632 0.00040867 0.046155 0.060712 0.77548 0.41838 0.020706 0.024563 0.020545 0.17824 0.087517 0.10537 0.018303 0 0.023635 0.1654 0.082384 0.020118 0.043845 0.0090402 0.030402 0.090074 0.12712 0.108 0.04883 0.067994 0.0037337 0.14485 0.0099814 0.046142 0.013393 0.028607 0.0044954 0.00052012 0.068712 0.045845 0.0019319 0.016124 0.0050588 0.0035108 0.00045201 8.0495e-05 0.029926 0.048551 0.02626 0.0094675 0.011802 0.0038576 0.0059752 0.0022353 0.0016099 0.0038885 0.00055728 0.0079133 0.00078638 0.00031579 0.018365 0.0048916 0.027176 0.021864 0.0079567 0.019752 0.11894 0.22228 0.11547 0.087585 0.033263 0.2741 0.0081176 0.0087059 0.059579 0.016136 0.034898 0.011288 0.020235 0.033988 0.051975 0.0068297 0.067709 0.028923 0.0064396 0 0 0 0 0 0 0 0 0 0 0 0 0 0 0 0 0 0 0 0 0 6.192e-06 1.2384e-05 0.00011765 0.00012384 0.00011146 6.192e-06 1.2384e-05 6.192e-06 6.192e-06 0
0.0068111 0.00025387 0.0045077 0.011003 0.011765 0.0017399 0.0070526 0.00050155 0.00069969 0.0015356 0.0011579 0.00063777 0.00016718 0.00010526 0.0051517 0.00029721 0.0014056 0.0066935 0.00036533 0.00023529 0.0047988 0.029697 0.0032446 0.00094118 0.0079257 0.023635 0 0.14468 0.0072693 0.034025 0.087059 0.045721 0.28151 0.10097 0.033802 0.33317 0.21008 0.70545 0.42372 0.030415 0.00077399 0.0058947 0.00074303 0.027765 0.0040124 0.00012384 0.0061486 0.0027121 5.5728e-05 0.0011455 0.0002291 0.00018576 6.192e-05 0 0.00043344 0.0002291 0.00068111 0.0003839 0.0004644 6.8111e-05 0.00019814 0.00013622 6.8111e-05 0.00024149 6.8111e-05 0.00035294 0 3.7152e-05 0.00099071 0.00028483 0.00060681 0.0011022 8.6687e-05 6.8111e-05 0.00064396 0.01683 0.0016594 0.00059443 0.0023467 0.021307 0.0013003 0.00055108 0.0019009 0.0016656 0.0041548 0.0013746 0.003517 0.0034923 0.0048545 0.00052632 0.0097585 0.0047864 0.0012941 0 0 0 0 0 0 0 0 0 0 0 0 0 0 0 0 0 0 0 0 0 0 0 6.192e-06 6.192e-06 0 0 0 0 0 0
0.0167 0.015573 0.010241 0.0065139 0.0037276 0.00095975 0.0021238 0.00024149 0.00041486 0.0010279 0.0012941 0.0059381 0.00018576 6.8111e-05 0.0076471 0.005548 0.020149 0.016006 0.0013003 0.0012012 0.026582 0.039412 0.0073251 0.0027926 0.0035294 0.1654 0.14468 0 0.0036966 0.042037 0.010056 0.019678 0.089697 0.063474 0.06839 0.05683 0.040929 0.026991 0.0040929 0.034495 0.0041424 0.0093065 0.048551 0.1954 0.030966 9.2879e-05 0.13919 0.0012632 0.00033437 0.00037771 0.0018762 0.00039628 0 0 0.0013437 0.00078638 0.0021548 0.00077399 0.0011455 0.00013622 0.00021672 0 0 7.4303e-05 6.192e-05 0.00049536 0 0 0.00032198 0.00026006 0.00043963 0.00093498 6.192e-05 0.00024149 0.0018019 0.0045387 0.0020557 0.0010402 0.00069969 0.0064025 0.00037771 0.013381 0.00091022 0.00029721 0.00071207 0.00018576 0.00039628 0.0026502 0.003226 0.0004582 0.0034489 0.0012817 0.00042724 0 0 6.192e-06 0 0 0 0 0 0 0 0 0 0.00022291 6.192e-06 0 0 0 0 0 0 0 0.00042105 0.00042105 0.0017337 0.0014551 0.00080495 4.9536e-05 2.4768e-05 1.8576e-05 4.3344e-05 0
0.053628 0.0020186 0.0096161 0.019833 0.018328 0.097412 0.16046 0.0016533 0.0068669 0.029108 0.00036533 0.0069969 0.00043344 0.00014241 0.063913 0.0013746 0.0096347 0.022192 0.12885 0.10861 0.032477 0.14838 0.11229 0.23185 0.11739 0.082384 0.0072693 0.0036966 0 0.27618 0.4366 0.016793 0.0096966 0.0066502 0.0075418 0.0050155 0.023529 0.064731 0.0037028 0.012954 0.002774 0.03587 0.0032384 0.0006192 0.0012198 0.00013003 0.0075666 0.0060248 0.00025387 0.0021424 0.00084211 0.00021053 8.0495e-05 0 0.002322 0.0020062 0.0030155 0.0011084 0.0021548 0.00042105 0.00071207 0.00014241 0.00017337 0.00030341 0.00012384 0.00093498 8.6687e-05 9.2879e-05 0.0023096 0.0006192 0.0029164 0.0024768 0.00079876 0.001548 0.013077 0.035108 0.01717 0.010997 0.0040557 0.03291 0.00039628 0.00056966 0.0068669 0.0016718 0.003517 0.0010526 0.0015108 0.00069969 0.00095356 0.00035294 0.0016223 0.0011517 0.00024149 0 0 0 0 0 0 0 0 0 0 0 0 0 0 0 0 0 0 0 0 0 1.2384e-05 0 0 1.8576e-05 1.2384e-05 0 0 0 0 0
0.017108 0.0019071 0.033307 0.036062 0.024539 0.015356 0.057765 0.036594 0.035022 0.074923 0.022563 0.010229 0.009678 0.016997 0.12355 0.006935 0.0026254 0.0060433 0.012124 0.016588 0.011399 0.032991 0.025864 0.023288 0.028576 0.020118 0.034025 0.042037 0.27618 0 0.1165 0.020173 0.060136 0.014347 0.0053684 0.0083282 0.02413 0.056916 0.0052136 0.022272 0.0020186 0.044885 0.0021486 0.0031579 0.041176 0.0071827 0.0071703 0.002322 0.00040867 0.0010341 0.0004582 9.9071e-05 0 0.00011146 0.001418 0.00032817 0.0065449 0.0022724 0.0035232 0.00040248 0.00052632 0.0015356 0.00023529 0.00086068 0.0072508 0.0016161 0.0012508 0.0031765 0.0010588 0.001387 0.0011703 0.00079257 0.00016718 0.00037152 0.0022229 0.010861 0.0047926 0.002483 0.0017028 0.010681 0.00017957 0.00022291 0.002 0.0029783 0.0013932 0.00054489 0.00074303 0.00024149 0.00039628 0.00014241 0.0007678 0.00050774 0.00012384 0 0 0 0 0 0 0 0 0 0 0 0 0 0 0 0 0 0 0 0 0 6.192e-06 0 0 0 6.192e-06 0 0 0 0 0
0.35671 0.0017771 0.018099 0.061598 0.17931 0.13316 0.22942 0.006774 0.01439 0.03992 0.0028793 0.0079443 0.0020929 0.00086687 0.044929 0.002483 0.0038019 0.012173 0.0030031 0.022508 0.22053 0.092031 0.30929 0.25189 0.84409 0.043845 0.087059 0.010056 0.4366 0.1165 0 0.098793 0.56968 0.051641 0.013957 0.03483 0.063164 0.31944 0.022898 0.045164 0.0039009 0.03192 0.004644 0.0017585 0.0033622 0.00078638 0.012409 0.0064892 0.00032198 0.0021115 0.00080495 0.00035294 7.4303e-05 0 0.0037709 0.0006192 0.0081548 0.0027368 0.0050836 0.00063777 0.00096594 0.00031579 0.00018576 0.00037771 0.00053251 0.0019567 0.00022291 0.00033437 0.0020743 0.00090402 0.0016966 0.0022043 0.00033437 0.00084211 0.0042353 0.032241 0.014266 0.0061672 0.0053746 0.030328 0.00064396 0.00064396 0.0053994 0.0022167 0.0041548 0.0015232 0.0026254 0.00097833 0.0012817 0.00043963 0.0028793 0.0019567 0.00041486 0 0 0 0 0 0 0 0 0 0 0 0 1.2384e-05 0 0 0 0 0 0 0 0 0 0 6.192e-06 1.8576e-05 6.192e-06 6.192e-06 0 0 0 0
0.0073437 0.00066254 0.0034303 0.013796 0.0087802 0.0036904 0.034799 0.023746 0.027641 0.062588 0.021344 0.0076904 0.0075789 0.010712 0.04013 0.0023529 0.00087307 0.0030155 0.00021053 0.0015356 0.0038824 0.0097895 0.008483 0.0045077 0.014749 0.0090402 0.045721 0.019678 0.016793 0.020173 0.098793 0 0.048025 0.020427 0.0049102 0.017319 0.015969 0.029895 0.0052384 0.065003 0.0027307 0.02683 0.0017523 0.010749 0.01257 0.0063901 0.011207 0.0017647 0.0001548 0.00066254 0.00019814 0.00010526 3.7152e-05 4.9536e-05 0.00032817 0.00011146 0.00064396 0.00058824 0.00065635 6.192e-05 0.00019195 0.001226 0.00017337 0.00063158 0.004774 0.0007678 0.0010217 0.0023715 0.0006192 0.00058204 0.00043963 0.00058824 8.6687e-05 0.00019195 0.0010836 0.0095046 0.0056594 0.0019505 0.002161 0.009065 0.00010526 0.00021672 0.0017709 0.002291 0.0012446 0.00037152 0.00060062 0.00026006 0.00031579 0.00011146 0.00056347 0.00047678 0.0001548 0 0 0 0 0 0 0 0 0 0 0 0 0 0 0 0 0 0 0 0 0 6.192e-06 0 0 1.8576e-05 2.4768e-05 0 0 0 0 0
0.14159 0.00065015 0.010415 0.04496 0.13729 0.029176 0.08595 0.0062353 0.010118 0.02291 0.0071765 0.003709 0.0020248 0.0017028 0.017573 0.0014923 0.0013808 0.0075356 0.00047678 0.0019071 0.098495 0.038415 0.048978 0.010873 0.14692 0.030402 0.28151 0.089697 0.0096966 0.060136 0.56968 0.048025 0 0.16856 0.026347 0.16204 0.079523 0.31929 0.062111 0.086378 0.0030526 0.016861 0.0032074 0.016241 0.0072632 0.0016656 0.013858 0.005517 0.00026006 0.0021548 0.00055108 0.00045201 0.00016099 0 0.002031 0.00039628 0.0050217 0.002 0.0028793 0.00050155 0.00062539 0.00037771 0.00021672 0.00043344 0.00087926 0.0015108 0.00029102 0.00037152 0.0021796 0.00081115 0.001517 0.001839 0.00019195 0.00036533 0.0019628 0.030427 0.010316 0.003257 0.0063653 0.035102 0.0012632 0.00074923 0.0046749 0.0025139 0.0060743 0.0020743 0.0044644 0.0020372 0.0028978 0.00063777 0.0059195 0.0037028 0.0008483 0 0 0 0 0 0 0 0 0 0 0 0 0 0 0 0 0 0 0 0 0 0 6.192e-06 6.192e-06 1.2384e-05 6.192e-06 0 0 0 0 0
0.0011269 0.00014861 0.0010402 0.0036037 0.0015604 0.00063158 0.0060186 0.0015789 0.0026997 0.0071579 0.0020991 0.003808 0.00055728 0.00024149 0.0087926 0.0027059 0.010972 0.026502 0.00029102 0.00027864 0.00060062 0.010805 0.0017337 0.00068111 0.0017895 0.090074 0.10097 0.063474 0.0066502 0.014347 0.051641 0.020427 0.16856 0 0.65387 0.71455 0.15411 0.060279 0.043443 0.020563 0.0006935 0.0077337 0.00051393 0.0093313 0.0026625 0.00027245 0.0052136 0.0026378 0.00011146 0.0013622 0.00026625 0.0011889 4.9536e-05 0 0.0002291 0.00016099 0.00033437 0.00042724 0.00034675 3.7152e-05 0.00016718 0.00034056 0.00027245 0.00035913 0.00017337 0.00030341 0.00011146 9.2879e-05 0.0013994 0.00027245 0.0004582 0.0045882 9.2879e-05 6.8111e-05 0.00034675 0.024755 0.0011269 0.0003839 0.0020124 0.029511 0.0037337 0.0032198 0.001678 0.0018204 0.0056347 0.0020495 0.0052446 0.04569 0.040731 0.021034 0.036279 0.014514 0.003257 0 0 0 0 0 0 0 0 0 0 0 0 0 0 0 0 0 0 0 0 0 0 0 1.2384e-05 6.192e-06 6.192e-06 0 0 0 0 0
0.00035294 7.4303e-05 0.0010526 0.0014985 0.00050774 0.00026006 0.0012508 0.00032198 0.00051393 0.0010774 0.00050774 0.00084211 0.00013003 3.096e-05 0.0046563 0.00078019 0.0068607 0.04917 0.00063777 0.00018576 0.00016718 0.012687 0.00078019 0.00043344 0.00035913 0.12712 0.033802 0.06839 0.0075418 0.0053684 0.013957 0.0049102 0.026347 0.65387 0 0.1066 0.13505 0.044217 0.0050588 0.015127 0.00043963 0.0058019 0.00028483 0.010904 0.0013746 4.3344e-05 0.0050279 0.0035294 8.6687e-05 0.0019628 0.00040248 0.0012941 6.8111e-05 3.096e-05 0.00022291 0.00021053 0.0004644 0.00037771 0.0001548 3.7152e-05 0.00017957 0.00024768 0.00017337 0.00047059 0.00013622 0.00034675 9.9071e-05 5.5728e-05 0.0020619 0.00045201 0.0008483 0.0073003 0.00011146 6.192e-05 0.0003839 0.038136 0.00068731 0.00039009 0.0017337 0.045585 0.0051269 0.0033437 0.0027183 0.0026254 0.0090588 0.0028483 0.0074241 0.046514 0.087889 0.012186 0.085789 0.03161 0.0075294 0 0 0 0 0 0 0 0 0 0 0 0 0 0 0 0 0 0 0 0 0 0 0 6.192e-06 6.192e-06 6.192e-06 0 0 0 0 0
0.00078638 0.00016718 0.0015666 0.0033684 0.0014427 0.00034056 0.0041362 0.0011889 0.0019628 0.0043467 0.0017461 0.0055666 0.00045201 0.00017337 0.0068297 0.004322 0.015771 0.011344 0.00032198 0.00016099 0.00040248 0.01644 0.0015356 0.00036533 0.00095975 0.108 0.33317 0.05683 0.0050155 0.0083282 0.03483 0.017319 0.16204 0.71455 0.1066 0 0.22463 0.41774 0.099622 0.01618 0.00056966 0.0062167 0.00055728 0.0099567 0.0021424 0.00022291 0.0064272 0.00054489 0 0.0003096 4.3344e-05 0.00074923 0 0 6.192e-05 3.7152e-05 0.00014241 0.00011146 0.0002291 3.096e-05 9.9071e-05 6.192e-05 4.9536e-05 8.0495e-05 7.4303e-05 0.00016099 3.096e-05 3.7152e-05 0.00025387 9.9071e-05 6.192e-05 0.0010526 0 0 0.00013622 0.0033808 0.00032817 0.00014241 0.00022291 0.0068173 0.0052198 0.0022539 0.00029721 0.00037771 0.00086687 0.00091022 0.0015975 0.017635 0.0039814 0.048087 0.0047368 0.0018204 0.0011641 0 0 0 0 0 0 0 0 0 0 0 0 0 0 0 0 0 0 0 0 0 0 0 6.192e-06 0 0 0 0 0 0 0
0.0020124 0.001065 0.0076594 0.0055108 0.002 0.00092879 0.0062848 0.0011146 0.0021115 0.00587 0.0011703 0.0015975 0.00034675 7.4303e-05 0.014452 0.00032817 0.0031517 0.023672 0.0006935 0.00067492 0.0010279 0.10796 0.0052136 0.0021176 0.0026378 0.04883 0.21008 0.040929 0.023529 0.02413 0.063164 0.015969 0.079523 0.15411 0.13505 0.22463 0 0.34548 0.091641 0.045591 0.0013994 0.015399 0.0009226 0.011393 0.0048731 0.00022291 0.014025 0.0054737 0.00011146 0.0025882 0.0006192 0.00097833 9.2879e-05 6.192e-05 0.0006192 0.00054489 0.0010588 0.00055108 0.00043963 5.5728e-05 0.0002291 0.00042105 0.00027245 0.00071207 0.00031579 0.0005387 6.192e-05 0.00010526 0.0027616 0.00079257 0.0017523 0.0057214 0.00025387 0.00021672 0.0013622 0.058638 0.0022848 0.0011393 0.0033932 0.063294 0.0068297 0.0025449 0.0050279 0.0040124 0.014495 0.0039628 0.012056 0.034396 0.068025 0.0032012 0.094502 0.039715 0.0095356 0 0 0 0 0 0 0 0 0 0 0 0 0 0 0 0 0 0 0 0 0 6.192e-06 0 1.2384e-05 0 2.4768e-05 0 0 0 0 0
0.022916 0.0012941 0.016762 0.037096 0.015783 0.0035789 0.01761 0.002483 0.0044582 0.012898 0.0025015 0.003356 0.00074923 0.00027245 0.028954 0.00080495 0.0044954 0.011827 0.0020991 0.0017523 0.01104 0.2315 0.034557 0.0051889 0.04896 0.067994 0.70545 0.026991 0.064731 0.056916 0.31944 0.029895 0.31929 0.060279 0.044217 0.41774 0.34548 0 0.50505 0.07304 0.0025387 0.03091 0.0024458 0.0048545 0.008322 0.0003096 0.024142 0.0042663 0.00016099 0.0021362 0.00048297 0.00049536 6.192e-05 3.096e-05 0.0015418 0.0006192 0.0023282 0.0011207 0.0014923 0.0001548 0.00031579 0.00037771 0.00026006 0.00069969 0.0002291 0.00098452 0.00013003 8.6687e-05 0.0020991 0.00067492 0.0016904 0.0023715 0.00016099 0.00029102 0.0017214 0.03135 0.0033375 0.0015542 0.0028731 0.03717 0.0034985 0.00095356 0.0035604 0.0025759 0.0084768 0.002582 0.0074799 0.0095294 0.014718 0.00089783 0.025276 0.011876 0.0030464 0 0 0 0 0 0 0 0 0 0 0 0 1.2384e-05 0 0 0 0 0 0 0 0 6.192e-06 0 1.2384e-05 4.9536e-05 0 0 0 6.192e-06 0 0
0.00073684 8.6687e-05 0.00095356 0.0015356 0.00093498 0.00027245 0.002031 0.00044582 0.00089164 0.00187 0.0003839 0.00044582 0.00012384 4.9536e-05 0.0035728 9.9071e-05 0.00024768 0.0017399 3.7152e-05 7.4303e-05 0.00027245 0.007096 0.00069969 0.00032817 0.0010155 0.0037337 0.42372 0.0040929 0.0037028 0.0052136 0.022898 0.0052384 0.062111 0.043443 0.0050588 0.099622 0.091641 0.50505 0 0.0083901 0.00027864 0.003356 0.00021672 0.0011517 0.00090402 7.4303e-05 0.0021115 0.00087307 3.7152e-05 0.00043344 9.2879e-05 9.9071e-05 0 0 8.6687e-05 4.9536e-05 0.00016718 6.8111e-05 9.2879e-05 0 3.096e-05 8.0495e-05 8.0495e-05 9.9071e-05 4.9536e-05 4.9536e-05 0 0 0.00053251 7.4303e-05 0.00012384 0.00043963 0 0 0.00016099 0.0051517 0.0003096 0.00014241 0.00063158 0.0065573 0.0009226 0.00019814 0.00073684 0.00059443 0.001678 0.00050155 0.001517 0.0020867 0.002613 0.00017337 0.0048297 0.0023158 0.00065015 0 0 0 0 0 0 0 0 0 0 0 0 0 0 0 0 0 0 0 0 0 0 0 0 0 0 0 0 0 0 0
0.2809 0.25934 0.36656 0.24116 0.23249 0.016923 0.16317 0.0023344 0.016341 0.042409 0.0064768 0.095381 0.0012074 0.00023529 0.025913 0.050811 0.040799 0.021907 0.001257 0.014118 0.33006 0.1262 0.09296 0.030972 0.041461 0.14485 0.030415 0.034495 0.012954 0.022272 0.045164 0.065003 0.086378 0.020563 0.015127 0.01618 0.045591 0.07304 0.0083901 0 0.29253 0.043146 0.10534 0.080731 0.030415 0.0002291 0.59024 0.017393 0.0028978 0.0046873 0.0066811 0.00050774 0.00013003 0 0.033108 0.013046 0.067746 0.023529 0.039331 0.0038328 0.010037 0.00059443 0.00095975 0.00087926 0.00037152 0.021313 0.00040248 9.2879e-05 0.0042539 0.01104 0.0107 0.0032074 0.0015356 0.0053127 0.027053 0.043511 0.029381 0.017393 0.0099505 0.047183 0.00067492 0.001548 0.011969 0.0028669 0.0068854 0.0016656 0.0024458 0.00097833 0.0013994 0.00074303 0.0028421 0.0023034 0.00037152 0 0 0 0 0 0 0 0 0 0 0 0 3.096e-05 0 0 0 0 6.192e-06 0 0 0 1.8576e-05 2.4768e-05 0.00021053 0.00054489 0.00054489 6.192e-05 1.8576e-05 3.096e-05 4.9536e-05 0
