0 20849 35685 27247 52220 27321 7027 0 7 10 0 275 0 0 9289 517 4392 102 607 11060 1.7163e+05 4904 15945 11378 4161 3128 67 31 4614 137 10547 56 871 20 35 23 201 2716 30 4656 762 9450 322 21 5 25 5138 347 103 14 0 10 0 0 527 850 5898 303 10 0 0 0 0 0 0 12 0 0 27 27 2546 55 0 10 284 84 5 5 16 618 0 0 25 0 18 0 0 6 14 0 10 18 0 0 0 0 0 0 0 0 0 0 0 0 0 1 0 0 0 0 0 0 5 0 11 2 2 8 14 0 0 0 0 0
20849 0 10485 3709 3989 701 75 0 0 0 0 65 0 0 1627 659 39509 132 27 603 17382 3996 1569 948 830 12384 0 0 162 10 572 0 48 0 10 17 35 507 8 8295 337 2849 100 14 0 0 4774 977 23 10 8 19 0 0 874 4751 10637 257 9 5 0 0 0 0 0 8 0 0 119 13 6769 121 5 6 868 414 27 13 88 3573 0 6 48 0 48 0 13 21 21 0 11 26 0 0 0 0 0 0 0 0 0 0 0 1 0 1 0 0 0 0 0 0 8 1 5 1 4 9 15 3 0 0 3 0
35685 10485 0 18223 20020 22971 11342 10 24 39 0 12895 0 0 4560 9608 51098 211 43 3645 9180 693 735 523 173 1977 5 0 270 12 587 0 42 0 16 19 27 134 0 13475 5393 8865 1783 28 0 202 4334 1374 1359 55 15 24 0 0 2335 3366 34096 2965 945 48 205 15 0 6 0 866 0 0 230 628 21060 247 0 8 1187 220 24 22 67 2075 0 0 16 0 32 0 6 18 20 0 10 17 0 0 0 0 0 0 0 0 0 0 0 0 0 0 0 0 0 0 0 0 4 0 6 0 4 5 5 1 0 0 0 0
27247 3709 18223 0 94354 32949 64172 5605 7950 6866 34 22738 494 141 7833 7954 5958 42 24 2759 6146 211 469 388 98 405 0 8 167 13 382 8 23 0 9 0 21 81 0 7035 2981 6328 1497 13 0 287 1746 180 830 70 23 26 0 5 561 474 11361 3897 1716 82 589 442 100 34 0 3778 215 0 364 3158 9947 83 0 11 199 39 6 0 20 421 0 0 0 0 10 0 0 11 8 0 0 0 0 0 0 0 0 0 0 0 0 0 0 0 0 0 0 0 0 0 0 0 1 0 4 0 0 1 1 0 0 0 0 0
52220 3989 20020 94354 0 46698 1.0754e+05 4202 5641 2589 6 43389 511 46 6638 3047 4019 12 33 2794 8443 247 708 474 177 208 0 7 210 15 508 0 51 0 0 0 15 117 0 3902 1438 4628 869 13 0 150 1181 62 232 19 10 0 0 0 235 177 4302 867 410 20 174 80 18 0 0 712 32 0 119 454 3494 36 0 0 95 14 0 0 6 155 0 0 0 0 0 0 0 0 0 0 0 0 0 0 0 0 0 0 0 0 0 0 0 0 0 0 0 0 0 0 0 0 2 0 0 1 0 1 2 0 0 0 0 0
27321 701 22971 32949 46698 0 31712 53 365 570 0 17378 0 0 13041 3096 5163 9 107 10347 5057 433 809 1249 290 377 7 9 728 22 1402 0 105 0 0 0 19 253 8 986 248 2223 203 0 0 53 679 17 74 12 7 0 0 0 25 17 464 392 210 11 136 0 0 6 0 453 0 0 71 203 807 0 0 0 12 0 0 0 0 23 0 0 0 0 0 0 0 0 0 0 0 0 0 0 0 0 0 0 0 0 0 0 0 0 0 0 0 0 0 0 0 0 0 0 2 0 2 0 0 0 0 0 0 0
7027 75 11342 64172 1.0754e+05 31712 0 3142 7538 18057 41 60227 605 59 10422 9664 5714 0 8 383 966 43 90 111 32 24 0 6 56 23 161 0 18 0 0 0 12 34 0 552 304 805 160 0 0 55 145 0 109 14 0 0 0 0 0 8 410 705 373 16 188 149 35 9 0 740 73 0 110 362 1056 0 0 0 0 0 0 0 0 11 0 0 0 0 0 0 0 0 0 0 0 0 0 0 0 0 0 0 0 0 0 0 0 0 0 0 0 0 0 0 0 0 0 0 0 0 0 0 0 0 0 0 0 0
0 0 10 5605 4202 53 3142 0 24209 11728 5794 9003 5077 12050 8014 3809 0 0 0 0 0 5 0 0 0 0 7 22 21 42 34 7 11 0 0 8 0 27 0 30 46 14 0 0 0 24 36 16 0 5 0 0 0 0 0 0 0 1078 315 0 25 3444 890 122 100 1249 1402 65 23 705 20 0 0 0 0 0 0 0 0 0 0 0 0 0 0 0 0 0 0 0 0 0 0 0 0 0 0 0 0 0 0 0 0 0 0 0 0 0 0 0 0 0 0 0 0 0 0 0 0 0 0 0 0 0
7 0 24 7950 5641 365 7538 24209 0 10541 519 18556 3497 1540 9482 4674 26 0 0 0 0 0 0 6 0 0 0 19 11 31 28 10 11 0 0 0 5 34 0 26 20 22 0 0 0 11 11 0 7 0 0 0 0 0 0 0 0 1044 291 0 21 1640 306 55 20 1131 723 21 21 826 30 0 0 0 0 0 0 0 0 0 0 0 0 0 0 0 0 0 0 0 0 0 0 0 0 0 0 0 0 0 0 0 0 0 0 0 0 0 0 0 0 0 0 0 0 0 0 0 0 0 0 0 0 0
10 0 39 6866 2589 570 18057 11728 10541 0 1292 21569 2539 1356 60285 6981 86 0 0 0 5 11 9 8 7 9 9 42 25 128 100 45 28 7 0 10 20 78 7 75 42 104 10 0 12 24 23 0 9 0 0 0 0 0 0 0 6 1012 304 0 11 1265 284 63 20 973 521 9 10 770 33 0 0 0 0 0 0 0 0 5 0 0 0 0 0 0 0 0 0 0 0 0 0 0 0 0 0 0 0 0 0 0 0 0 0 0 0 0 0 0 0 0 0 0 0 0 0 0 0 0 0 0 0 0
0 0 0 34 6 0 41 5794 519 1292 0 683 14180 17554 130 8644 0 0 0 0 0 0 0 0 0 0 0 0 0 7 6 5 0 0 0 0 0 5 0 0 0 0 0 0 0 0 0 0 0 0 0 0 0 0 0 0 0 9 0 0 0 110 28 5 0 26 60 9 0 7 0 0 0 0 0 0 0 0 0 0 0 0 0 0 0 0 0 0 0 0 0 0 0 0 0 0 0 0 0 0 0 0 0 0 0 0 0 0 0 0 0 0 0 0 0 0 0 0 0 0 0 0 0 0
275 65 12895 22738 43389 17378 60227 9003 18556 21569 683 0 11857 3136 8155 39039 14869 20 0 170 66 24 0 10 0 67 0 8 12 26 23 7 0 0 0 0 12 19 0 2775 1433 3784 667 7 0 292 550 37 766 111 23 15 0 7 21 24 2290 10653 4054 93 1185 3942 737 201 39 12353 1814 30 702 11938 6477 19 0 0 0 0 0 0 0 53 0 0 0 0 0 0 0 0 0 0 0 0 0 0 0 0 0 0 0 0 0 0 0 0 0 0 0 0 0 0 0 0 0 0 0 0 0 0 1 0 0 0 0 0
0 0 0 494 511 0 605 5077 3497 2539 14180 11857 0 61806 1019 13420 0 0 0 0 0 0 0 0 0 0 0 0 0 11 6 0 0 0 0 0 0 0 0 18 33 15 0 0 0 15 10 13 0 0 0 0 0 0 0 0 0 1106 431 0 27 3975 1049 146 190 1154 1403 83 12 606 14 0 0 0 0 0 0 0 0 0 0 0 0 0 0 0 0 0 0 0 0 0 0 0 0 0 0 0 0 0 0 0 0 0 0 0 0 0 0 0 0 0 0 0 0 0 0 0 0 0 0 0 0 0
0 0 0 141 46 0 59 12050 1540 1356 17554 3136 61806 0 948 8759 0 0 0 0 0 0 0 0 0 0 0 0 0 5 7 0 0 0 0 0 0 0 0 12 35 9 0 0 0 8 0 15 0 0 0 0 0 0 0 0 0 618 227 0 20 2600 726 101 143 707 946 47 12 284 0 0 0 0 0 0 0 0 0 0 0 0 0 0 0 0 0 0 0 0 0 0 0 0 0 0 0 0 0 0 0 0 0 0 0 0 0 0 0 0 0 0 0 0 0 0 0 0 0 0 0 0 0 0
9289 1627 4560 7833 6638 13041 10422 8014 9482 60285 130 8155 1019 948 0 1753 1756 481 1279 23250 14543 3811 3117 9293 2070 3662 663 2776 8493 21426 9892 2730 1071 528 456 555 1426 7923 584 249 35 1055 21 30 1295 10 699 11 14 0 0 26 0 0 13 55 152 94 37 0 15 60 12 0 0 115 20 0 126 84 187 95 10 9 32 153 7 16 136 1506 13 0 386 16 257 9 39 175 365 8 509 570 34 0 0 0 0 0 0 0 0 0 0 0 0 0 0 0 0 0 0 0 8 0 4 0 3 9 8 0 0 0 0 0
517 659 9608 7954 3047 3096 9664 3809 4674 6981 8644 39039 13420 8759 1753 0 29878 115 0 48 206 186 27 13 0 746 0 0 8 21 27 6 0 0 9 0 6 22 0 888 606 831 173 0 0 42 212 57 920 94 15 24 0 6 91 107 3521 11047 3803 84 1040 8218 1645 291 144 12610 3962 102 665 14987 6958 40 0 0 38 6 0 0 0 154 0 0 0 0 0 0 0 5 0 0 0 0 0 0 0 0 0 0 0 0 0 0 0 0 0 0 0 0 0 0 0 0 1 0 0 0 0 0 0 0 0 0 0 0
4392 39509 51098 5958 4019 5163 5714 0 26 86 0 14869 0 0 1756 29878 0 16622 112 691 8593 19306 3912 1695 2099 1.0148e+05 15 17 548 45 1025 10 95 90 1273 14 761 1336 13 4431 2426 1982 428 16 0 124 1735 965 810 58 21 50 0 0 1140 4132 17504 2405 915 48 363 8 8 7 0 1370 0 0 453 655 15253 286 17 17 793 642 50 37 202 4825 0 0 194 0 206 0 28 40 82 0 68 98 0 0 0 0 3 1 0 0 0 0 0 1 0 0 0 0 0 0 0 0 0 0 4 1 3 6 6 0 0 0 1 0
102 132 211 42 12 9 0 0 0 0 0 20 0 0 481 115 16622 0 106 41 339 17968 2821 502 325 77690 115 58 1227 178 1494 42 159 1626 9737 440 5301 7035 237 85 7 0 0 44 6 0 291 0 0 0 0 30 0 0 0 25 14 0 0 0 0 0 0 0 0 0 0 0 112 0 86 667 13 0 20 164 7 24 181 3027 36 0 420 15 283 13 59 2585 1842 301 2947 2057 151 0 0 0 0 0 0 0 0 0 0 0 0 0 0 0 0 0 0 0 1 0 0 0 0 1 0 1 0 0 0 0
607 27 43 24 33 107 8 0 0 0 0 0 0 0 1279 0 112 106 0 6401 898 791 430 1246 561 682 13 8 10051 23 1386 8 108 0 44 5 232 933 18 0 0 46 0 0 0 0 122 0 0 0 0 0 0 0 0 12 0 0 0 0 0 0 0 0 0 0 0 0 11 0 5 18 5 0 0 22 0 0 9 178 0 0 46 0 29 0 0 9 31 0 27 40 0 0 0 0 1 0 0 0 0 0 0 0 0 1 0 0 0 0 0 0 3 0 0 0 0 3 0 0 0 0 0 0
11060 603 3645 2759 2794 10347 383 0 0 0 0 170 0 0 23250 48 691 41 6401 0 18316 1135 1190 13648 644 1195 24 28 10917 151 9060 30 521 11 6 10 105 568 17 123 20 1916 9 0 6 0 811 7 6 0 0 0 0 0 15 32 130 10 0 0 0 0 0 0 0 0 0 0 11 0 78 0 0 0 7 22 0 0 0 128 0 0 9 0 0 0 0 0 5 0 0 0 0 0 0 0 0 0 0 0 0 0 0 0 0 0 0 0 0 0 0 0 6 0 4 0 1 4 5 0 0 0 1 0
1.7163e+05 17382 9180 6146 8443 5057 966 0 0 5 0 66 0 0 14543 206 8593 339 898 18316 0 17421 73106 47570 12921 14912 107 82 8273 217 23088 73 2129 41 71 52 584 8159 120 2698 164 7338 60 18 16 6 5128 190 25 7 0 12 0 0 179 929 1974 72 6 0 0 0 0 0 0 0 0 0 71 6 1347 51 6 5 191 188 15 14 61 1237 0 0 63 0 49 0 13 9 14 0 16 24 0 0 0 0 1 0 0 0 0 0 0 0 0 3 0 0 0 0 0 0 10 0 23 0 6 9 14 1 0 0 2 0
4904 3996 693 211 247 433 43 5 0 11 0 24 0 0 3811 186 19306 17968 791 1135 17421 0 63217 7573 24762 66195 150 151 4606 355 6864 109 580 343 3093 105 16631 32061 173 1448 7 307 13 63 35 0 2954 161 8 5 5 202 0 0 101 1208 573 15 10 0 0 0 0 0 0 5 0 0 794 0 1336 1494 67 32 311 1529 65 161 727 13725 31 7 1985 36 1372 40 236 1106 1594 39 1222 2071 92 1 0 2 1 1 0 0 0 0 0 0 0 0 0 0 0 0 0 0 10 1 13 0 2 6 13 4 1 0 3 0
15945 1569 735 469 708 809 90 0 0 9 0 0 0 0 3117 27 3912 2821 430 1190 73106 63217 0 21289 46272 11478 167 91 3515 274 14240 71 1328 145 679 62 12407 56692 163 394 0 805 9 40 31 0 1283 19 0 5 0 47 0 0 24 146 137 0 0 0 0 0 0 0 0 0 0 0 197 0 193 285 17 11 44 237 12 33 163 3380 18 0 473 8 384 15 85 555 623 15 462 826 24 0 0 1 1 0 0 0 0 0 0 0 0 0 0 0 0 0 0 0 4 0 3 0 1 5 8 0 0 0 1 0
11378 948 523 388 474 1249 111 0 6 8 0 10 0 0 9293 13 1695 502 1246 13648 47570 7573 21289 0 19727 5724 186 111 22151 443 77502 142 5018 61 87 67 551 6017 109 240 0 649 0 8 32 0 1079 10 0 0 0 9 0 0 15 56 72 0 0 0 0 0 0 0 0 0 0 0 22 0 61 56 0 0 29 74 7 0 37 479 0 0 74 0 39 0 6 16 24 0 15 33 0 0 1 0 0 0 0 0 0 0 0 0 0 0 0 0 0 0 0 0 1 0 2 0 6 8 9 0 0 0 0 0
4161 830 173 98 177 290 32 0 0 7 0 0 0 0 2070 0 2099 325 561 644 12921 24762 46272 19727 0 7330 132 75 4003 275 25203 87 1543 45 86 43 645 14425 90 241 0 159 0 24 25 0 995 7 0 0 0 0 0 0 6 50 27 0 0 0 0 0 0 0 0 0 0 0 23 0 30 35 0 0 11 37 0 7 26 424 0 0 51 0 39 0 10 48 57 0 40 60 0 0 0 0 0 0 0 0 0 0 0 0 0 0 0 0 0 0 0 0 2 0 1 0 3 4 4 0 1 0 2 0
3128 12384 1977 405 208 377 24 0 0 9 0 67 0 0 3662 746 1.0148e+05 77690 682 1195 14912 66195 11478 5724 7330 0 746 2431 3602 313 6002 97 882 12792 31754 11266 17459 19112 944 3476 33 322 26 887 28 0 4355 550 11 18 10 259 0 0 234 3340 2102 49 11 11 0 0 0 0 0 8 0 0 1286 7 3368 3018 88 63 634 2554 150 231 1001 22829 71 17 2683 43 2056 34 424 3530 3074 223 2749 3354 166 0 0 2 4 3 1 0 0 0 0 3 0 1 0 0 0 0 0 0 12 1 3 0 9 15 14 0 0 0 2 0
67 0 5 0 0 7 0 7 0 9 0 0 0 0 663 0 15 115 13 24 107 150 167 186 132 746 0 6208 536 861 4861 157 15446 3541 74 26133 914 76036 55325 0 0 0 0 4969 785 0 39 0 0 0 0 0 0 0 0 0 0 0 0 0 0 0 0 0 0 0 0 0 16 0 0 15 0 0 0 18 0 0 12 264 0 0 64 0 40 0 6 181 161 8 199 157 15 0 0 0 0 0 0 0 0 0 0 0 0 0 0 0 0 0 0 0 0 0 0 0 0 0 0 0 0 0 0 0
31 0 0 8 7 9 6 22 19 42 0 8 0 0 2776 0 17 58 8 28 82 151 91 111 75 2431 6208 0 394 2636 3030 650 12701 1072 33 16327 220 4260 1756 17 0 0 0 50765 3916 0 35 0 0 0 0 0 0 0 0 0 0 0 0 0 0 0 0 0 0 0 0 0 6 0 5 7 0 0 0 8 0 0 9 96 0 0 17 0 11 0 6 67 28 0 36 49 0 0 0 0 0 0 0 0 0 0 0 0 0 0 0 0 0 0 0 0 0 0 0 0 0 0 0 0 0 0 0 0
4614 162 270 167 210 728 56 21 11 25 0 12 0 0 8493 8 548 1227 10051 10917 8273 4606 3515 22151 4003 3602 536 394 0 44193 1.6057e+05 2369 3288 1140 748 902 2699 16853 1079 67 0 298 0 18 40 0 597 9 0 0 0 44 0 0 7 38 20 0 0 0 0 0 0 0 0 0 0 0 170 0 65 188 5 15 29 186 8 28 178 2050 16 0 507 23 301 11 72 254 483 16 618 712 40 0 0 0 0 0 0 0 0 0 0 0 0 0 0 0 0 0 0 0 5 0 1 0 5 4 3 1 0 0 1 0
137 10 12 13 15 22 23 42 31 128 7 26 11 5 21426 21 45 178 23 151 217 355 274 443 275 313 861 2636 44193 0 10344 6592 612 465 83 428 363 3607 287 15 0 12 0 166 5104 0 57 0 0 0 0 8 0 0 0 0 0 0 0 0 0 0 0 0 0 0 0 0 33 0 6 31 0 0 0 21 0 0 16 262 0 0 67 0 43 0 10 39 45 0 74 96 0 0 0 0 0 0 0 0 0 0 0 0 0 0 0 0 0 0 0 0 0 0 0 0 0 0 1 0 0 0 0 0
10547 572 587 382 508 1402 161 34 28 100 6 23 6 7 9892 27 1025 1494 1386 9060 23088 6864 14240 77502 25203 6002 4861 3030 1.6057e+05 10344 0 7095 83422 4630 1024 6460 4896 94863 7265 213 7 537 0 313 57 0 998 8 0 0 0 50 0 0 20 74 55 0 0 0 0 0 0 0 0 0 0 0 240 0 102 225 15 9 58 268 13 30 238 2912 22 10 685 29 439 28 84 483 703 12 989 1073 51 0 0 0 0 0 0 0 0 0 0 0 0 0 0 0 0 0 0 0 4 0 2 0 0 6 0 0 0 0 2 0
56 0 0 8 0 0 0 7 10 45 5 7 0 0 2730 6 10 42 8 30 73 109 71 142 87 97 157 650 2369 6592 7095 0 541 121 20 146 111 1043 125 5 0 0 0 83 32 0 20 0 0 0 0 0 0 0 0 0 0 0 0 0 0 0 0 0 0 0 0 0 0 0 0 6 0 0 0 11 0 0 7 83 0 0 28 0 11 0 0 19 14 0 25 34 0 0 0 0 0 0 0 0 0 0 0 0 0 0 0 0 0 0 0 0 0 0 0 0 0 0 0 0 0 0 0 0
871 48 42 23 51 105 18 11 11 28 0 0 0 0 1071 0 95 159 108 521 2129 580 1328 5018 1543 882 15446 12701 3288 612 83422 541 0 2435 118 8623 1114 47631 6746 28 0 34 0 3042 108 0 106 0 0 0 0 8 0 0 0 6 0 0 0 0 0 0 0 0 0 0 0 0 27 0 7 27 0 0 6 21 0 0 20 306 6 0 69 0 39 0 9 100 102 0 132 154 0 0 0 0 0 0 0 0 0 0 0 0 0 0 0 0 0 0 0 0 1 0 0 0 0 0 1 0 0 0 0 0
20 0 0 0 0 0 0 0 0 7 0 0 0 0 528 0 90 1626 0 11 41 343 145 61 45 12792 3541 1072 1140 465 4630 121 2435 0 1.4992e+05 1.2959e+05 1.0281e+05 62902 15563 0 0 0 0 1547 10 0 51 0 0 0 0 38 0 0 11 7 5 0 0 0 0 0 0 0 0 0 0 0 160 0 18 849 6 0 11 103 8 20 198 4877 91 12 564 21 538 20 115 7647 6657 658 7047 5027 339 0 0 0 0 0 0 0 0 0 0 0 0 0 0 0 0 0 0 0 0 0 0 0 0 0 1 0 0 0 0 0
35 10 16 9 0 0 0 0 0 0 0 0 0 0 456 9 1273 9737 44 6 71 3093 679 87 86 31754 74 33 748 83 1024 20 118 1.4992e+05 0 1277 1.765e+05 25122 169 15 0 0 0 25 11 0 224 0 0 0 0 72 0 0 22 21 12 0 0 0 0 0 0 0 0 0 0 0 431 0 101 861 16 17 44 241 5 54 313 9832 65 8 962 31 1024 32 269 5205 5407 170 3430 4596 233 0 0 0 0 0 0 0 0 0 0 0 0 0 0 0 0 0 0 0 0 0 0 0 0 1 0 1 0 0 0 0
23 17 19 0 0 0 0 8 0 10 0 0 0 0 555 0 14 440 5 10 52 105 62 67 43 11266 26133 16327 902 428 6460 146 8623 1.2959e+05 1277 0 12560 62923 47593 10 0 0 0 2255 14 0 19 0 0 0 0 7 0 0 0 5 0 0 0 0 0 0 0 0 0 0 0 0 23 0 0 128 0 0 0 18 0 5 17 505 7 0 84 0 64 0 16 1186 359 70 596 433 34 0 0 0 0 0 0 0 0 0 0 0 0 0 0 0 0 0 0 0 0 0 0 0 0 0 0 0 0 0 0 0
201 35 27 21 15 19 12 0 5 20 0 12 0 0 1426 6 761 5301 232 105 584 16631 12407 551 645 17459 914 220 2699 363 4896 111 1114 1.0281e+05 1.765e+05 12560 0 95064 1433 53 0 8 0 98 29 0 433 0 0 0 0 98 0 0 41 45 14 0 0 0 0 0 0 0 0 0 0 0 655 0 98 1298 24 26 69 358 9 83 469 12922 137 12 1564 41 1638 45 437 8590 6887 317 6275 8016 447 0 0 0 0 0 0 0 0 0 0 0 0 0 0 0 0 0 0 0 3 0 0 0 1 1 1 0 0 0 0 0
2716 507 134 81 117 253 34 27 34 78 5 19 0 0 7923 22 1336 7035 933 568 8159 32061 56692 6017 14425 19112 76036 4260 16853 3607 94863 1043 47631 62902 25122 62923 95064 0 1.0673e+05 288 0 71 0 275 121 0 1696 9 6 0 0 206 0 0 64 105 57 0 6 15 0 0 0 0 0 0 0 0 1218 0 233 1656 28 49 128 772 26 150 1133 19887 195 24 3327 130 2965 100 716 11717 10892 559 13564 13988 777 0 0 0 0 0 0 0 0 0 0 0 0 1 0 0 0 0 0 0 2 0 11 0 3 13 11 2 1 0 0 0
30 8 0 0 0 8 0 0 0 7 0 0 0 0 584 0 13 237 18 17 120 173 163 109 90 944 55325 1756 1079 287 7265 125 6746 15563 169 47593 1433 1.0673e+05 0 5 0 0 0 95 10 0 47 0 0 0 0 5 0 0 0 0 0 0 0 0 0 0 0 0 0 0 0 0 44 0 5 63 0 0 6 17 0 9 25 620 10 0 102 0 93 0 30 371 270 20 348 417 23 0 0 0 0 0 0 0 0 0 0 0 0 0 0 0 0 0 0 0 1 0 0 0 0 0 0 0 0 0 0 0
4656 8295 13475 7035 3902 986 552 30 26 75 0 2775 18 12 249 888 4431 85 0 123 2698 1448 394 240 241 3476 0 17 67 15 213 5 28 0 15 10 53 288 5 0 330 3219 1215 184 0 37 332 79 9 6 5 40 0 0 136 1001 2220 97 24 0 9 11 6 0 0 31 5 0 112 22 1363 52 9 11 202 324 27 20 109 2037 0 0 145 0 116 0 27 11 16 0 22 34 0 0 0 0 1 0 0 0 0 0 0 0 0 0 0 0 0 0 0 0 1 0 1 0 0 1 1 0 0 0 0 0
762 337 5393 2981 1438 248 304 46 20 42 0 1433 33 35 35 606 2426 7 0 20 164 7 0 0 0 33 0 0 0 0 7 0 0 0 0 0 0 0 0 330 0 62 45 0 0 0 79 0 59 0 0 0 0 0 50 35 1340 153 49 0 8 0 0 0 0 49 0 0 13 29 859 8 0 0 18 5 0 0 0 71 0 0 0 0 0 0 0 0 0 0 0 0 0 0 0 0 0 0 0 0 0 0 0 0 0 0 0 0 0 0 0 0 0 0 0 0 0 0 0 0 0 0 0 0
9450 2849 8865 6328 4628 2223 805 14 22 104 0 3784 15 9 1055 831 1982 0 46 1916 7338 307 805 649 159 322 0 0 298 12 537 0 34 0 0 0 8 71 0 3219 62 0 604 0 0 9 1848 10 16 0 0 0 0 0 26 33 382 47 16 0 17 5 0 0 0 43 0 0 8 25 177 0 0 0 14 0 0 0 0 37 0 0 0 0 0 0 0 0 0 0 0 0 0 0 0 0 0 0 0 0 0 0 0 0 0 0 0 0 0 0 0 0 14 0 11 3 6 17 31 1 0 0 3 0
322 100 1783 1497 869 203 160 0 0 10 0 667 0 0 21 173 428 0 0 9 60 13 9 0 0 26 0 0 0 0 0 0 0 0 0 0 0 0 0 1215 45 604 0 0 0 0 22 0 0 0 0 0 0 0 0 0 22 8 0 0 0 0 0 0 0 6 0 0 0 0 17 0 0 0 0 0 0 0 0 0 0 0 0 0 0 0 0 0 0 0 0 0 0 0 0 0 0 0 0 0 0 0 0 0 0 0 0 0 0 0 0 0 0 0 0 0 0 0 0 0 0 0 0 0
21 14 28 13 13 0 0 0 0 0 0 7 0 0 30 0 16 44 0 0 18 63 40 8 24 887 4969 50765 18 166 313 83 3042 1547 25 2255 98 275 95 184 0 0 0 0 3001 0 0 0 0 0 0 0 0 0 0 0 0 0 0 0 0 0 0 0 0 0 0 0 0 0 0 43 0 0 0 7 0 0 5 115 0 0 10 0 8 0 0 182 60 16 121 74 6 0 0 0 0 0 0 0 0 0 0 0 0 0 0 0 0 0 0 0 0 0 0 0 0 0 0 0 0 0 0 0
5 0 0 0 0 0 0 0 0 12 0 0 0 0 1295 0 0 6 0 6 16 35 31 32 25 28 785 3916 40 5104 57 32 108 10 11 14 29 121 10 0 0 0 0 3001 0 0 13 0 0 0 0 0 0 0 0 0 0 0 0 0 0 0 0 0 0 0 0 0 0 0 0 0 0 0 0 0 0 0 0 21 0 0 10 0 6 0 0 0 0 0 0 11 0 0 0 0 0 0 0 0 0 0 0 0 0 0 0 0 0 0 0 0 0 0 0 0 0 0 0 0 0 0 0 0
25 0 202 287 150 53 55 24 11 24 0 292 15 8 10 42 124 0 0 0 6 0 0 0 0 0 0 0 0 0 0 0 0 0 0 0 0 0 0 37 0 9 0 0 0 0 10 0 0 0 0 0 0 0 0 0 0 0 0 0 0 0 0 0 0 0 0 0 0 0 0 0 0 0 0 0 0 0 0 0 0 0 0 0 0 0 0 0 0 0 0 0 0 0 0 0 0 0 0 0 0 0 0 0 0 0 0 0 0 0 0 0 0 0 0 0 0 0 0 0 0 0 0 0
5138 4774 4334 1746 1181 679 145 36 11 23 0 550 10 0 699 212 1735 291 122 811 5128 2954 1283 1079 995 4355 39 35 597 57 998 20 106 51 224 19 433 1696 47 332 79 1848 22 0 13 10 0 314 27 1035 290 290 0 14 5045 5855 12474 1310 820 88 116 139 63 59 0 158 11 0 605 37 3206 198 95 276 5077 2297 436 860 1996 8083 43 160 1550 24 1632 32 209 195 605 48 890 1204 85 0 0 0 2 1 0 0 0 0 0 0 0 0 0 0 0 0 0 0 0 0 0 0 0 0 0 0 0 0 0 0
347 977 1374 180 62 17 0 16 0 0 0 37 13 15 11 57 965 0 0 7 190 161 19 10 7 550 0 0 9 0 8 0 0 0 0 0 0 9 0 79 0 10 0 0 0 0 314 0 44 2218 1659 138 0 55 570 1262 4543 1131 812 76 512 127 98 111 0 692 24 0 264 179 2192 8 0 0 419 144 12 14 34 900 0 0 14 0 28 0 5 0 5 0 6 11 0 0 1 0 4 3 1 0 0 0 0 3 0 0 0 0 0 0 0 0 0 0 0 0 0 0 0 0 0 0 0 0
103 23 1359 830 232 74 109 0 7 9 0 766 0 0 14 920 810 0 0 6 25 8 0 0 0 11 0 0 0 0 0 0 0 0 0 0 0 6 0 9 59 16 0 0 0 0 27 44 0 63 30 24 0 0 104 268 6564 1856 879 84 409 10 8 11 0 2270 7 0 312 2712 12432 275 0 0 39 49 0 0 11 862 0 0 6 0 9 0 0 29 14 0 0 5 0 0 0 0 1 0 0 0 0 0 0 0 0 0 0 0 0 0 0 0 0 0 0 0 0 0 0 0 0 0 0 0
14 10 55 70 19 12 14 5 0 0 0 111 0 0 0 94 58 0 0 0 7 5 5 0 0 18 0 0 0 0 0 0 0 0 0 0 0 0 0 6 0 0 0 0 0 0 1035 2218 63 0 422 582 0 10 718 194 9227 4840 4451 539 2811 575 659 555 0 3901 136 6 1066 653 5657 50 0 34 370 75 27 67 78 167 0 0 25 0 37 0 8 0 5 0 10 11 0 0 5 9 41 28 3 0 0 0 0 8 0 0 0 0 0 0 0 0 0 0 0 0 0 0 0 0 0 0 0 0
0 8 15 23 10 7 0 0 0 0 0 23 0 0 0 15 21 0 0 0 0 5 0 0 0 10 0 0 0 0 0 0 0 0 0 0 0 0 0 5 0 0 0 0 0 0 290 1659 30 422 0 200 0 6 199 53 1581 1021 760 83 625 178 189 153 0 840 47 0 155 190 877 8 0 0 69 23 0 0 15 77 0 0 0 0 6 0 0 0 0 0 0 0 0 0 1 0 3 2 0 0 0 0 0 4 0 0 0 0 0 0 0 0 0 0 0 0 0 0 0 0 0 0 0 0
10 19 24 26 0 0 0 0 0 0 0 15 0 0 26 24 50 30 0 0 12 202 47 9 0 259 0 0 44 8 50 0 8 38 72 7 98 206 5 40 0 0 0 0 0 0 290 138 24 582 200 0 1648 11 183 278 1406 607 563 50 258 43 47 43 0 325 10 0 850 90 862 66 0 27 157 306 21 112 248 1284 13156 50334 1642 2393 2382 3465 6812 699 322 3381 496 1522 1073 0 0 0 0 0 0 0 0 0 0 0 0 0 0 0 0 0 0 0 0 0 0 0 0 0 0 0 0 0 0 0
0 0 0 0 0 0 0 0 0 0 0 0 0 0 0 0 0 0 0 0 0 0 0 0 0 0 0 0 0 0 0 0 0 0 0 0 0 0 0 0 0 0 0 0 0 0 0 0 0 0 0 1648 0 0 0 0 0 0 0 0 0 0 0 0 0 0 0 0 25 0 0 0 0 0 0 0 0 0 0 0 236 6147 0 2949 0 337 0 15 0 88 0 8 5 0 0 0 0 0 0 0 0 0 0 0 0 0 0 0 0 0 0 0 0 0 0 0 0 0 0 0 0 0 0 0
0 0 0 5 0 0 0 0 0 0 0 7 0 0 0 6 0 0 0 0 0 0 0 0 0 0 0 0 0 0 0 0 0 0 0 0 0 0 0 0 0 0 0 0 0 0 14 55 0 10 6 11 0 0 6 0 675 618 462 80 453 118 100 64 0 590 32 0 231 76 680 0 0 0 0 0 0 0 0 0 0 0 0 0 0 0 0 0 0 0 0 0 0 0 0 0 0 0 0 0 0 0 0 0 0 0 0 0 0 0 0 0 0 0 0 0 0 0 0 0 0 0 0 0
527 874 2335 561 235 25 0 0 0 0 0 21 0 0 13 91 1140 0 0 15 179 101 24 15 6 234 0 0 7 0 20 0 0 11 22 0 41 64 0 136 50 26 0 0 0 0 5045 570 104 718 199 183 0 6 0 8829 54245 22382 33929 23041 4403 1636 10 10 0 26 16 0 8999 37 3066 20 29 5709 1.066e+05 8031 9848 9977 14998 6497 14 0 1344 11 4565 11 699 54 595 5 1206 2378 13 1 9 44 121 118 5 0 0 2 0 28 1 0 0 0 0 0 0 0 0 0 0 0 0 0 0 0 0 0 0 0
850 4751 3366 474 177 17 8 0 0 0 0 24 0 0 55 107 4132 25 12 32 929 1208 146 56 50 3340 0 0 38 0 74 0 6 7 21 5 45 105 0 1001 35 33 0 0 0 0 5855 1262 268 194 53 278 0 0 8829 0 19182 988 465 408 46 23 0 0 0 39 0 0 5321 149 7647 134 34 1033 26616 14787 2307 1730 7638 27302 17 8 757 13 2312 16 382 46 464 6 829 1568 13 4 6 43 129 105 12 0 0 5 0 43 0 0 0 0 0 0 0 0 0 0 0 0 0 0 0 0 0 0 0 0
5898 10637 34096 11361 4302 464 410 0 0 6 0 2290 0 0 152 3521 17504 14 0 130 1974 573 137 72 27 2102 0 0 20 0 55 0 0 5 12 0 14 57 0 2220 1340 382 22 0 0 0 12474 4543 6564 9227 1581 1406 0 675 54245 19182 0 30113 19606 18158 9090 326 36 77 0 1045 0 0 10796 2484 43133 301 20 3488 20474 2733 1316 2402 3311 9551 8 7 573 15 1331 7 157 39 187 10 291 608 5 15 21 71 203 198 24 0 0 8 0 66 2 0 0 0 0 0 0 0 0 0 0 0 0 0 0 0 0 0 0 0
303 257 2965 3897 867 392 705 1078 1044 1012 9 10653 1106 618 94 11047 2405 0 0 10 72 15 0 0 0 49 0 0 0 0 0 0 0 0 0 0 0 0 0 97 153 47 8 0 0 0 1310 1131 1856 4840 1021 607 0 618 22382 988 30113 0 82666 13709 26729 4158 2879 7714 116 29516 254 0 17700 16323 5770 121 0 864 4172 171 199 494 375 381 21 19 99 38 197 21 26 23 22 12 25 77 10 1 2 2 25 16 0 0 0 0 0 4 0 0 0 0 0 0 0 0 0 0 0 0 0 0 0 0 0 0 0 0
10 9 945 1716 410 210 373 315 291 304 0 4054 431 227 37 3803 915 0 0 0 6 10 0 0 0 11 0 0 0 0 0 0 0 0 0 0 0 6 0 24 49 16 0 0 0 0 820 812 879 4451 760 563 0 462 33929 465 19606 82666 0 51813 74674 2735 6270 12319 36 19694 41 0 18588 2858 7219 53 7 2601 10622 358 671 1518 1297 439 9 11 243 28 572 12 88 16 58 6 101 200 11 1 3 4 13 9 2 0 0 0 0 3 0 0 0 0 0 0 0 0 0 0 0 0 0 0 0 0 0 0 0 0
0 5 48 82 20 11 16 0 0 0 0 93 0 0 0 84 48 0 0 0 0 0 0 0 0 11 0 0 0 0 0 0 0 0 0 0 0 15 0 0 0 0 0 0 0 0 88 76 84 539 83 50 0 80 23041 408 18158 13709 51813 0 34360 255 564 1458 0 1862 39 0 10398 84 5021 7 15 7296 14443 332 757 3671 1851 463 0 0 935 5 1215 0 156 13 60 0 94 259 0 1 0 1 0 2 0 0 0 0 0 2 0 0 0 0 0 0 0 0 0 0 0 0 0 0 0 0 0 0 0 0
0 0 205 589 174 136 188 25 21 11 0 1185 27 20 15 1040 363 0 0 0 0 0 0 0 0 0 0 0 0 0 0 0 0 0 0 0 0 0 0 9 8 17 0 0 0 0 116 512 409 2811 625 258 0 453 4403 46 9090 26729 74674 34360 0 2620 14958 22867 24 13879 187 0 15918 1409 7252 41 0 223 2111 49 106 291 206 68 0 6 52 9 86 0 9 10 6 0 13 31 5 0 0 0 1 5 0 0 0 0 0 0 0 0 0 0 0 0 0 0 0 0 0 0 0 0 0 0 0 0 0 0
0 0 15 442 80 0 149 3444 1640 1265 110 3942 3975 2600 60 8218 8 0 0 0 0 0 0 0 0 0 0 0 0 0 0 0 0 0 0 0 0 0 0 11 0 5 0 0 0 0 139 127 10 575 178 43 0 118 1636 23 326 4158 2735 255 2620 0 5422 10167 16522 3854 9605 7161 27171 15063 61 12 0 34 162 6 8 25 25 15 17 13 7 43 22 32 0 27 7 12 9 45 9 0 0 2 2 3 0 0 0 0 0 1 0 0 0 0 0 0 0 0 0 0 0 0 0 0 0 0 0 0 0 0
0 0 0 100 18 0 35 890 306 284 28 737 1049 726 12 1645 8 0 0 0 0 0 0 0 0 0 0 0 0 0 0 0 0 0 0 0 0 0 0 6 0 0 0 0 0 0 63 98 8 659 189 47 0 100 10 0 36 2879 6270 564 14958 5422 0 17650 3455 817 329 451 23208 2027 111 6 0 0 0 0 0 0 0 5 15 13 0 26 9 19 0 11 0 11 5 26 13 0 0 0 0 0 1 0 0 0 0 0 0 0 0 0 0 0 0 0 0 0 0 0 0 0 0 0 0 0 0 0
0 0 6 34 0 6 9 122 55 63 5 201 146 101 0 291 7 0 0 0 0 0 0 0 0 0 0 0 0 0 0 0 0 0 0 0 0 0 0 0 0 0 0 0 0 0 59 111 11 555 153 43 0 64 10 0 77 7714 12319 1458 22867 10167 17650 0 913 3322 565 547 52315 796 195 10 0 0 0 0 0 5 0 5 11 11 5 47 8 18 0 16 0 10 0 27 11 0 0 0 0 1 0 0 0 0 0 0 0 0 0 0 0 0 0 0 0 0 0 0 0 0 0 0 0 0 0 0
0 0 0 0 0 0 0 100 20 20 0 39 190 143 0 144 0 0 0 0 0 0 0 0 0 0 0 0 0 0 0 0 0 0 0 0 0 0 0 0 0 0 0 0 0 0 0 0 0 0 0 0 0 0 0 0 0 116 36 0 24 16522 3455 913 0 247 2624 9051 92 88 0 0 0 0 0 0 0 0 0 0 0 0 0 0 0 0 0 0 0 0 0 0 0 0 0 0 0 0 0 0 0 0 0 0 0 0 0 0 0 0 0 0 0 0 0 0 0 0 0 0 0 0 0 0
12 8 866 3778 712 453 740 1249 1131 973 26 12353 1154 707 115 12610 1370 0 0 0 0 5 0 0 0 8 0 0 0 0 0 0 0 0 0 0 0 0 0 31 49 43 6 0 0 0 158 692 2270 3901 840 325 0 590 26 39 1045 29516 19694 1862 13879 3854 817 3322 247 0 1846 22 14559 37504 12649 82 0 5 18 5 0 0 0 98 6 0 0 29 13 12 0 18 7 0 0 19 6 0 0 2 0 3 0 0 0 0 0 0 0 0 0 0 0 0 0 0 0 0 0 0 0 0 0 0 0 0 0 0
0 0 0 215 32 0 73 1402 723 521 60 1814 1403 946 20 3962 0 0 0 0 0 0 0 0 0 0 0 0 0 0 0 0 0 0 0 0 0 0 0 5 0 0 0 0 0 0 11 24 7 136 47 10 0 32 16 0 0 254 41 39 187 9605 329 565 2624 1846 0 10487 1814 8663 24 0 21 1828 49 0 0 92 12 0 0 0 51 6 26 0 0 0 0 0 0 9 0 0 0 0 1 0 0 0 0 0 0 0 0 0 0 0 0 0 0 0 0 0 0 0 0 0 0 0 0 0 0 0
0 0 0 0 0 0 0 65 21 9 9 30 83 47 0 102 0 0 0 0 0 0 0 0 0 0 0 0 0 0 0 0 0 0 0 0 0 0 0 0 0 0 0 0 0 0 0 0 0 6 0 0 0 0 0 0 0 0 0 0 0 7161 451 547 9051 22 10487 0 36 1485 0 0 0 0 0 0 0 0 0 0 0 0 0 0 0 0 0 0 0 0 0 0 0 0 0 0 0 0 0 0 0 0 0 0 0 0 0 0 0 0 0 0 0 0 0 0 0 0 0 0 0 0 0 0
27 119 230 364 119 71 110 23 21 10 0 702 12 12 126 665 453 112 11 11 71 794 197 22 23 1286 16 6 170 33 240 0 27 160 431 23 655 1218 44 112 13 8 0 0 0 0 605 264 312 1066 155 850 25 231 8999 5321 10796 17700 18588 10398 15918 27171 23208 52315 92 14559 1814 36 0 1784 5056 232 1175 33618 11291 4091 1701 12587 7773 10335 1101 370 16750 8227 12495 1209 1353 2236 2182 1375 3640 8206 1723 0 1 6 18 8 2 0 0 0 0 5 0 0 0 0 0 0 0 0 0 0 0 0 0 1 0 0 0 0 0 0
27 13 628 3158 454 203 362 705 826 770 7 11938 606 284 84 14987 655 0 0 0 6 0 0 0 0 7 0 0 0 0 0 0 0 0 0 0 0 0 0 22 29 25 0 0 0 0 37 179 2712 653 190 90 0 76 37 149 2484 16323 2858 84 1409 15063 2027 796 88 37504 8663 1485 1784 0 26301 182 0 0 18 32 0 0 5 459 0 0 0 6 0 0 0 21 10 0 0 8 0 0 0 0 1 0 0 0 0 0 0 0 0 0 0 0 0 0 0 0 0 0 0 0 0 0 0 0 0 0 0 0
2546 6769 21060 9947 3494 807 1056 20 30 33 0 6477 14 0 187 6958 15253 86 5 78 1347 1336 193 61 30 3368 0 5 65 6 102 0 7 18 101 0 98 233 5 1363 859 177 17 0 0 0 3206 2192 12432 5657 877 862 0 680 3066 7647 43133 5770 7219 5021 7252 61 111 195 0 12649 24 0 5056 26301 0 15517 13 869 1891 1515 172 514 598 55351 0 5 447 12 463 16 79 1466 1093 22 214 374 6 4 7 18 50 39 2 0 0 1 0 25 0 0 0 0 0 0 0 0 0 0 0 0 0 0 0 0 0 0 0 0
55 121 247 83 36 0 0 0 0 0 0 19 0 0 95 40 286 667 18 0 51 1494 285 56 35 3018 15 7 188 31 225 6 27 849 861 128 1298 1656 63 52 8 0 0 43 0 0 198 8 275 50 8 66 0 0 20 134 301 121 53 7 41 12 6 10 0 82 0 0 232 182 15517 0 43 17 93 686 22 66 566 29978 43 5 1055 24 646 15 112 3815 2408 343 2103 1642 76 0 1 2 3 2 2 0 0 0 0 2 0 0 0 0 0 0 0 0 0 0 0 0 0 0 0 0 0 0 0 0
0 5 0 0 0 0 0 0 0 0 0 0 0 0 10 0 17 13 5 0 6 67 17 0 0 88 0 0 5 0 15 0 0 6 16 0 24 28 0 9 0 0 0 0 0 0 95 0 0 0 0 0 0 0 29 34 20 0 7 15 0 0 0 0 0 0 21 0 1175 0 13 43 0 707 83 210 23 334 302 835 0 0 6783 0 763 0 119 8 74 0 60 133 0 0 0 1 3 1 0 0 0 0 0 0 0 0 0 0 0 0 0 0 0 0 0 0 0 0 0 0 0 0 0 0
10 6 8 11 0 0 0 0 0 0 0 0 0 0 9 0 17 0 0 0 5 32 11 0 0 63 0 0 15 0 9 0 0 0 17 0 26 49 0 11 0 0 0 0 0 0 276 0 0 34 0 27 0 0 5709 1033 3488 864 2601 7296 223 34 0 0 0 5 1828 0 33618 0 869 17 707 0 13456 689 1978 32448 6551 1400 19 0 26303 26 9695 20 1148 37 243 13 292 986 22 0 1 2 7 2 1 0 0 1 0 0 0 0 0 0 0 0 0 0 0 0 0 0 0 0 0 0 0 0 0 0
284 868 1187 199 95 12 0 0 0 0 0 0 0 0 32 38 793 20 0 7 191 311 44 29 11 634 0 0 29 0 58 0 6 11 44 0 69 128 6 202 18 14 0 0 0 0 5077 419 39 370 69 157 0 0 1.066e+05 26616 20474 4172 10622 14443 2111 162 0 0 0 18 49 0 11291 18 1891 93 83 13456 0 65250 55480 79568 46700 19099 41 8 7193 22 14585 19 2199 143 1618 14 2647 7267 54 4 7 33 103 93 5 0 0 3 0 28 0 0 0 0 0 0 0 0 0 0 0 0 0 0 0 0 0 0 0 0
84 414 220 39 14 0 0 0 0 0 0 0 0 0 153 6 642 164 22 22 188 1529 237 74 37 2554 18 8 186 21 268 11 21 103 241 18 358 772 17 324 5 0 0 7 0 0 2297 144 49 75 23 306 0 0 8031 14787 2733 171 358 332 49 6 0 0 0 5 0 0 4091 32 1515 686 210 689 65250 0 57978 13115 44568 43345 44 13 4192 42 4408 43 856 145 3324 27 15012 13583 48 2 4 15 49 22 3 0 0 3 0 13 0 0 0 0 0 0 0 0 0 0 0 0 0 0 0 0 0 0 0 0
5 27 24 6 0 0 0 0 0 0 0 0 0 0 7 0 50 7 0 0 15 65 12 7 0 150 0 0 8 0 13 0 0 8 5 0 9 26 0 27 0 0 0 0 0 0 436 12 0 27 0 21 0 0 9848 2307 1316 199 671 757 106 8 0 0 0 0 0 0 1701 0 172 22 23 1978 55480 57978 0 52140 19562 5320 8 0 1067 0 2850 0 498 24 299 0 636 2070 12 1 1 1 8 9 0 0 0 0 0 2 0 0 0 0 0 0 0 0 0 0 0 0 0 0 0 0 0 0 0 0
5 13 22 0 0 0 0 0 0 0 0 0 0 0 16 0 37 24 0 0 14 161 33 0 7 231 0 0 28 0 30 0 0 20 54 5 83 150 9 20 0 0 0 0 0 0 860 14 0 67 0 112 0 0 9977 1730 2402 494 1518 3671 291 25 0 5 0 0 92 0 12587 0 514 66 334 32448 79568 13115 52140 0 32867 5133 75 5 44187 66 33896 69 4241 158 917 23 1329 4528 89 0 2 7 23 15 1 0 0 0 0 4 0 0 0 0 0 0 0 0 0 0 0 0 0 0 0 0 0 0 0 0
16 88 67 20 6 0 0 0 0 0 0 0 0 0 136 0 202 181 9 0 61 727 163 37 26 1001 12 9 178 16 238 7 20 198 313 17 469 1133 25 109 0 0 0 5 0 0 1996 34 11 78 15 248 0 0 14998 7638 3311 375 1297 1851 206 25 0 0 0 0 12 0 7773 5 598 566 302 6551 46700 44568 19562 32867 0 32004 151 18 13544 97 64874 145 9658 432 4619 57 8143 27806 166 2 3 15 33 21 3 0 0 1 0 9 0 0 0 0 0 0 0 0 0 0 0 0 0 0 0 0 0 0 0 0
618 3573 2075 421 155 23 11 0 0 5 0 53 0 0 1506 154 4825 3027 178 128 1237 13725 3380 479 424 22829 264 96 2050 262 2912 83 306 4877 9832 505 12922 19887 620 2037 71 37 0 115 21 0 8083 900 862 167 77 1284 0 0 6497 27302 9551 381 439 463 68 15 5 5 0 98 0 0 10335 459 55351 29978 835 1400 19099 43345 5320 5133 32004 0 343 308 19704 334 14785 220 2488 28041 33606 12620 25270 34851 688 3 6 46 144 111 5 0 0 3 0 47 0 0 0 0 0 0 0 0 0 0 0 0 0 0 0 0 0 0 0 0
0 0 0 0 0 0 0 0 0 0 0 0 0 0 13 0 0 36 0 0 0 31 18 0 0 71 0 0 16 0 22 0 6 91 65 7 137 195 10 0 0 0 0 0 0 0 43 0 0 0 0 13156 236 0 14 17 8 21 9 0 0 17 15 11 0 6 0 0 1101 0 0 43 0 19 41 44 8 75 151 343 0 20308 3536 1630 16528 4316 25789 8577 1010 28546 2103 17531 44509 0 0 0 0 0 0 0 0 0 0 0 0 0 0 0 0 0 0 0 0 0 0 0 0 0 0 0 0 0 0 0
0 6 0 0 0 0 0 0 0 0 0 0 0 0 0 0 0 0 0 0 0 7 0 0 0 17 0 0 0 0 10 0 0 12 8 0 12 24 0 0 0 0 0 0 0 0 160 0 0 0 0 50334 6147 0 0 8 7 19 11 0 6 13 13 11 0 0 0 0 370 0 5 5 0 0 8 13 0 5 18 308 20308 0 599 1310 2177 1971 3698 656 90 17404 115 721 1073 1 3 30 64 44 3 0 0 3 0 9 0 0 0 0 0 0 0 0 0 0 0 0 0 0 0 0 0 0 0 0
25 48 16 0 0 0 0 0 0 0 0 0 0 0 386 0 194 420 46 9 63 1985 473 74 51 2683 64 17 507 67 685 28 69 564 962 84 1564 3327 102 145 0 0 0 10 10 0 1550 14 6 25 0 1642 0 0 1344 757 573 99 243 935 52 7 0 5 0 0 51 0 16750 0 447 1055 6783 26303 7193 4192 1067 44187 13544 19704 3536 599 0 28344 89452 852 4827 6419 6548 4020 8052 22325 4809 0 2 7 23 7 0 0 0 0 0 7 0 0 0 0 0 0 0 0 0 0 0 0 0 0 0 0 0 0 0 0
0 0 0 0 0 0 0 0 0 0 0 0 0 0 16 0 0 15 0 0 0 36 8 0 0 43 0 0 23 0 29 0 0 21 31 0 41 130 0 0 0 0 0 0 0 0 24 0 0 0 0 2393 2949 0 11 13 15 38 28 5 9 43 26 47 0 29 6 0 8227 6 12 24 0 26 22 42 0 66 97 334 1630 1310 28344 0 6780 4436 691 1263 223 1265 307 2168 889 0 0 0 0 0 0 0 0 0 0 0 0 0 0 0 0 0 0 0 0 0 0 0 0 0 0 0 0 0 0 0
18 48 32 10 0 0 0 0 0 0 0 0 0 0 257 0 206 283 29 0 49 1372 384 39 39 2056 40 11 301 43 439 11 39 538 1024 64 1638 2965 93 116 0 0 0 8 6 0 1632 28 9 37 6 2382 0 0 4565 2312 1331 197 572 1215 86 22 9 8 0 13 26 0 12495 0 463 646 763 9695 14585 4408 2850 33896 64874 14785 16528 2177 89452 6780 0 22378 63112 11742 7426 10025 11883 1.0131e+05 14540 0 2 17 48 26 1 0 0 3 0 8 0 0 0 0 0 0 0 0 0 0 0 0 0 0 0 0 0 0 0 0
0 0 0 0 0 0 0 0 0 0 0 0 0 0 9 0 0 13 0 0 0 40 15 0 0 34 0 0 11 0 28 0 0 20 32 0 45 100 0 0 0 0 0 0 0 0 32 0 0 0 0 3465 337 0 11 16 7 21 12 0 0 32 19 18 0 12 0 0 1209 0 16 15 0 20 19 43 0 69 145 220 4316 1971 852 4436 22378 0 7644 1141 233 2054 450 2304 1455 0 0 0 0 0 0 0 0 0 0 0 0 0 0 0 0 0 0 0 0 0 0 0 0 0 0 0 0 0 0 0
0 13 6 0 0 0 0 0 0 0 0 0 0 0 39 0 28 59 0 0 13 236 85 6 10 424 6 6 72 10 84 0 9 115 269 16 437 716 30 27 0 0 0 0 0 0 209 5 0 8 0 6812 0 0 699 382 157 26 88 156 9 0 0 0 0 0 0 0 1353 0 79 112 119 1148 2199 856 498 4241 9658 2488 25789 3698 4827 691 63112 7644 0 6634 2707 7620 5845 43695 15090 0 0 2 6 4 0 0 0 0 0 0 0 0 0 0 0 0 0 0 0 0 0 0 0 0 0 0 0 0 0 0
6 21 18 11 0 0 0 0 0 0 0 0 0 0 175 5 40 2585 9 0 9 1106 555 16 48 3530 181 67 254 39 483 19 100 7647 5205 1186 8590 11717 371 11 0 0 0 182 0 0 195 0 29 0 0 699 15 0 54 46 39 23 16 13 10 27 11 16 0 18 0 0 2236 21 1466 3815 8 37 143 145 24 158 432 28041 8577 656 6419 1263 11742 1141 6634 0 77450 94606 53829 46148 29917 0 0 2 0 4 0 0 0 0 0 1 0 0 0 0 0 0 0 0 0 0 0 0 0 0 0 0 0 0 0 0
14 21 20 8 0 0 0 0 0 0 0 0 0 0 365 0 82 1842 31 5 14 1594 623 24 57 3074 161 28 483 45 703 14 102 6657 5407 359 6887 10892 270 16 0 0 0 60 0 0 605 5 14 5 0 322 0 0 595 464 187 22 58 60 6 7 0 0 0 7 0 0 2182 10 1093 2408 74 243 1618 3324 299 917 4619 33606 1010 90 6548 223 7426 233 2707 77450 0 7998 64324 40174 2677 1 1 2 9 12 1 0 0 1 0 3 0 0 0 0 0 0 0 0 0 0 0 0 0 0 0 0 0 0 0 0
0 0 0 0 0 0 0 0 0 0 0 0 0 0 8 0 0 301 0 0 0 39 15 0 0 223 8 0 16 0 12 0 0 658 170 70 317 559 20 0 0 0 0 16 0 0 48 0 0 0 0 3381 88 0 5 6 10 12 6 0 0 12 11 10 0 0 0 0 1375 0 22 343 0 13 14 27 0 23 57 12620 28546 17404 4020 1265 10025 2054 7620 94606 7998 0 3733 3300 38760 0 0 0 0 0 0 0 0 0 0 0 0 0 0 0 0 0 0 0 0 0 0 0 0 0 0 0 0 0 0 0
10 11 10 0 0 0 0 0 0 0 0 0 0 0 509 0 68 2947 27 0 16 1222 462 15 40 2749 199 36 618 74 989 25 132 7047 3430 596 6275 13564 348 22 0 0 0 121 0 0 890 6 0 10 0 496 0 0 1206 829 291 25 101 94 13 9 5 0 0 0 0 0 3640 0 214 2103 60 292 2647 15012 636 1329 8143 25270 2103 115 8052 307 11883 450 5845 53829 64324 3733 0 1.1359e+05 10928 1 0 3 13 8 0 0 0 0 0 3 0 0 0 0 0 0 0 0 0 0 0 0 0 0 0 0 0 0 0 0
18 26 17 0 0 0 0 0 0 0 0 0 0 0 570 0 98 2057 40 0 24 2071 826 33 60 3354 157 49 712 96 1073 34 154 5027 4596 433 8016 13988 417 34 0 0 0 74 11 0 1204 11 5 11 0 1522 8 0 2378 1568 608 77 200 259 31 45 26 27 0 19 9 0 8206 8 374 1642 133 986 7267 13583 2070 4528 27806 34851 17531 721 22325 2168 1.0131e+05 2304 43695 46148 40174 3300 1.1359e+05 0 60219 0 1 7 27 19 4 0 0 0 0 13 0 0 0 0 0 0 0 0 0 0 0 0 0 0 0 0 0 0 0 0
0 0 0 0 0 0 0 0 0 0 0 0 0 0 34 0 0 151 0 0 0 92 24 0 0 166 15 0 40 0 51 0 0 339 233 34 447 777 23 0 0 0 0 6 0 0 85 0 0 0 0 1073 5 0 13 13 5 10 11 0 5 9 13 11 0 6 0 0 1723 0 6 76 0 22 54 48 12 89 166 688 44509 1073 4809 889 14540 1455 15090 29917 2677 38760 10928 60219 0 0 0 1 3 2 0 0 0 0 0 1 0 0 0 0 0 0 0 0 0 0 0 0 0 0 0 0 0 0 0 0
0 0 0 0 0 0 0 0 0 0 0 0 0 0 0 0 0 0 0 0 0 0 0 0 0 0 0 0 0 0 0 0 0 0 0 0 0 0 0 0 0 0 0 0 0 0 0 0 0 0 0 0 0 0 1 0 0 0 0 0 0 0 0 0 0 0 0 0 0 0 0 0 0 0 0 0 0 0 0 0 0 0 0 0 0 0 0 0 0 0 0 0 0 0 12066 15924 6720 7972 411 0 0 926 0 6230 10099 3204 0 0 5659 0 0 0 0 0 0 0 0 0 0 0 0 0 0 0
0 0 0 0 0 0 0 0 0 0 0 0 0 0 0 0 0 0 0 0 0 0 0 0 0 0 0 0 0 0 0 0 0 0 0 0 0 0 0 0 0 0 0 0 0 0 0 0 0 0 0 0 0 0 0 0 0 0 0 0 0 0 0 0 0 0 0 0 0 0 0 0 0 0 0 0 0 0 0 0 0 0 0 0 0 0 0 0 0 0 0 0 0 12066 0 27067 8030 14336 707 0 0 1066 0 6627 3556 2149 0 0 4713 0 0 0 0 0 0 0 0 0 0 0 0 0 0 0
0 0 0 0 0 0 0 0 0 0 0 0 0 0 0 0 0 0 0 0 0 0 0 0 0 0 0 0 0 0 0 0 0 0 0 0 0 0 0 0 0 0 0 0 0 0 0 0 0 0 0 0 0 0 0 0 0 0 0 0 0 0 0 0 0 0 0 0 0 0 0 0 0 0 0 0 0 0 0 0 0 0 0 0 0 0 0 0 0 0 0 0 0 15924 27067 0 35072 32868 1147 0 0 1505 0 7321 1272 18 0 0 20 0 0 0 0 0 0 0 0 0 0 0 0 0 0 0
0 0 0 0 0 0 0 0 0 0 0 0 0 0 0 0 0 0 0 0 0 0 0 0 0 0 0 0 0 0 0 0 0 0 0 0 0 0 0 0 0 0 0 0 0 0 0 0 0 0 0 0 0 0 0 0 1 0 0 0 0 0 0 0 0 0 0 0 0 0 0 0 0 0 0 0 0 0 0 0 0 0 0 0 0 0 0 0 0 0 0 0 0 6720 8030 35072 0 14561 482 0 0 2791 0 12396 214 25 0 0 6 0 0 0 0 0 0 0 0 0 0 0 0 0 0 0
0 0 0 0 0 0 0 0 0 0 0 0 0 0 0 0 0 0 0 0 0 0 0 0 0 0 0 0 0 0 0 0 0 0 0 0 0 0 0 0 0 0 0 0 0 0 0 0 0 0 0 0 0 0 0 0 0 0 0 0 0 0 0 0 0 0 0 0 0 0 0 0 0 0 0 0 0 0 0 0 0 0 0 0 0 0 0 0 0 0 0 0 0 7972 14336 32868 14561 0 430 0 0 3693 0 18797 653 28 0 0 11 0 0 0 0 0 0 0 0 0 0 0 0 0 0 0
0 0 0 0 0 0 0 0 0 0 0 0 0 0 0 0 0 0 0 0 0 0 0 0 0 0 0 0 0 0 0 0 0 0 0 0 0 0 0 0 0 0 0 0 0 0 0 0 0 0 0 0 0 0 0 0 0 0 0 0 0 0 0 0 0 0 0 0 0 0 0 0 0 0 0 0 0 0 0 0 0 0 0 0 0 0 0 0 0 0 0 0 0 411 707 1147 482 430 0 0 0 236 0 1653 21 0 0 0 0 0 0 0 0 0 0 0 0 0 0 0 0 0 0 0
0 0 0 0 0 0 0 0 0 0 0 0 0 0 0 0 0 0 0 0 0 0 0 0 0 0 0 0 0 0 0 0 0 0 0 0 0 0 0 0 0 0 0 0 0 0 0 0 0 0 0 0 0 0 0 0 0 0 0 0 0 0 0 0 0 0 0 0 0 0 0 0 0 0 0 0 0 0 0 0 0 0 0 0 0 0 0 0 0 0 0 0 0 0 0 0 0 0 0 0 0 0 0 10 0 0 0 0 0 0 0 0 0 0 0 0 0 0 0 0 0 0 0 0
0 0 0 0 0 0 0 0 0 0 0 0 0 0 0 0 0 0 0 0 0 0 0 0 0 0 0 0 0 0 0 0 0 0 0 0 0 0 0 0 0 0 0 0 0 0 0 0 0 0 0 0 0 0 0 0 0 0 0 0 0 0 0 0 0 0 0 0 0 0 0 0 0 0 0 0 0 0 0 0 0 0 0 0 0 0 0 0 0 0 0 0 0 0 0 0 0 0 0 0 0 0 0 0 0 0 0 0 0 0 0 0 0 0 0 0 0 0 0 0 0 0 0 0
0 0 0 0 0 0 0 0 0 0 0 0 0 0 0 0 0 0 0 0 0 0 0 0 0 0 0 0 0 0 0 0 0 0 0 0 0 0 0 0 0 0 0 0 0 0 0 0 0 0 0 0 0 0 0 0 0 0 0 0 0 0 0 0 0 0 0 0 0 0 0 0 0 0 0 0 0 0 0 0 0 0 0 0 0 0 0 0 0 0 0 0 0 926 1066 1505 2791 3693 236 0 0 0 0 3531 76 0 0 0 0 0 0 0 0 0 0 0 0 0 0 0 0 0 0 0
0 0 0 0 0 0 0 0 0 0 0 0 0 0 0 0 0 0 0 0 0 0 0 0 0 0 0 0 0 0 0 0 0 0 0 0 0 0 0 0 0 0 0 0 0 0 0 0 0 0 0 0 0 0 0 0 0 0 0 0 0 0 0 0 0 0 0 0 0 0 0 0 0 0 0 0 0 0 0 0 0 0 0 0 0 0 0 0 0 0 0 0 0 0 0 0 0 0 0 0 0 0 0 0 0 0 0 0 0 0 0 0 0 0 0 0 0 0 0 0 0 0 0 0
0 0 0 0 0 0 0 0 0 0 0 0 0 0 0 0 0 0 0 0 0 0 0 0 0 0 0 0 0 0 0 0 0 0 0 0 0 0 0 0 0 0 0 0 0 0 0 0 0 0 0 0 0 0 0 0 0 0 0 0 0 0 0 0 0 0 0 0 0 0 0 0 0 0 0 0 0 0 0 0 0 0 0 0 0 0 0 0 0 0 0 0 0 6230 6627 7321 12396 18797 1653 10 0 3531 0 0 174 6 0 0 13 0 0 0 0 0 0 0 0 0 0 0 0 0 0 0
0 0 0 0 0 0 0 0 0 0 0 0 0 0 0 0 0 0 0 0 0 0 0 0 0 0 0 0 0 0 0 0 0 0 0 0 0 0 0 0 0 0 0 0 0 0 0 0 0 0 0 0 0 0 0 0 1 0 0 0 0 0 0 0 0 0 0 0 0 0 0 0 0 0 0 0 0 0 0 0 0 0 0 0 0 0 0 0 0 0 0 0 0 10099 3556 1272 214 653 21 0 0 76 0 174 0 52 0 0 51 0 0 0 0 0 0 0 0 0 0 0 0 0 0 0
0 0 0 0 0 0 0 0 0 0 0 0 0 0 0 0 0 0 0 0 0 0 0 0 0 0 0 0 0 0 0 0 0 0 0 0 0 0 0 0 0 0 0 0 0 0 0 0 0 0 0 0 0 0 0 0 0 0 0 0 0 0 0 0 0 0 0 0 0 0 0 0 0 0 0 0 0 0 0 0 0 0 0 0 0 0 0 0 0 0 0 0 0 3204 2149 18 25 28 0 0 0 0 0 6 52 0 0 0 2052 0 0 0 964 268 2838 5897 2490 478 442 1014 148 0 36 0
0 0 0 0 0 0 0 0 0 0 0 0 0 0 0 0 0 0 0 0 0 0 0 0 0 0 0 0 0 0 0 0 0 0 0 0 0 0 0 0 0 0 0 0 0 0 0 0 0 0 0 0 0 0 0 0 0 0 0 0 0 0 0 0 0 0 0 0 0 0 0 0 0 0 0 0 0 0 0 0 0 0 0 0 0 0 0 0 0 0 0 0 0 0 0 0 0 0 0 0 0 0 0 0 0 0 0 0 0 0 0 0 0 0 0 0 0 0 0 0 0 0 0 0
0 0 0 0 0 0 0 0 0 0 0 0 0 0 0 0 0 0 0 0 0 0 0 0 0 0 0 0 0 0 0 0 0 0 0 0 0 0 0 0 0 0 0 0 0 0 0 0 0 0 0 0 0 0 0 0 0 0 0 0 0 0 0 0 0 0 0 0 0 0 0 0 0 0 0 0 0 0 0 0 0 0 0 0 0 0 0 0 0 0 0 0 0 0 0 0 0 0 0 0 0 0 0 0 0 0 0 0 0 0 0 0 0 0 0 0 0 0 0 0 0 0 0 0
0 0 0 0 0 0 0 0 0 0 0 0 0 0 0 0 0 0 0 0 0 0 0 0 0 0 0 0 0 0 0 0 0 0 0 0 0 0 0 0 0 0 0 0 0 0 0 0 0 0 0 0 0 0 0 0 0 0 0 0 0 0 0 0 0 0 0 0 0 0 0 0 0 0 0 0 0 0 0 0 0 0 0 0 0 0 0 0 0 0 0 0 0 5659 4713 20 6 11 0 0 0 0 0 13 51 2052 0 0 0 0 0 0 7 5 9337 7735 8 0 0 0 0 0 77 0
0 0 0 0 0 0 0 0 0 0 0 0 0 0 0 0 0 0 0 0 0 0 0 0 0 0 0 0 0 0 0 0 0 0 0 0 0 0 0 0 0 0 0 0 0 0 0 0 0 0 0 0 0 0 0 0 0 0 0 0 0 0 0 0 0 0 0 0 0 0 0 0 0 0 0 0 0 0 0 0 0 0 0 0 0 0 0 0 0 0 0 0 0 0 0 0 0 0 0 0 0 0 0 0 0 0 0 0 0 0 0 0 0 0 0 0 0 0 0 0 0 0 0 0
0 0 0 0 0 0 0 0 0 0 0 0 0 0 0 0 0 0 0 0 0 0 0 0 0 0 0 0 0 0 0 0 0 0 0 0 0 0 0 0 0 0 0 0 0 0 0 0 0 0 0 0 0 0 0 0 0 0 0 0 0 0 0 0 0 0 0 0 0 0 0 0 0 0 0 0 0 0 0 0 0 0 0 0 0 0 0 0 0 0 0 0 0 0 0 0 0 0 0 0 0 0 0 0 0 0 0 0 0 0 0 0 0 0 0 0 0 0 0 0 0 0 0 0
0 0 0 0 0 0 0 0 0 0 0 0 0 0 0 0 0 0 0 0 0 0 0 0 0 0 0 0 0 0 0 0 0 0 0 0 0 0 0 0 0 0 0 0 0 0 0 0 0 0 0 0 0 0 0 0 0 0 0 0 0 0 0 0 0 0 0 0 0 0 0 0 0 0 0 0 0 0 0 0 0 0 0 0 0 0 0 0 0 0 0 0 0 0 0 0 0 0 0 0 0 0 0 0 0 0 0 0 0 0 0 0 0 0 0 0 0 0 0 0 0 0 15 0
0 0 0 0 0 0 0 0 0 0 0 0 0 0 0 0 0 0 0 0 0 0 0 0 0 0 0 0 0 0 0 0 0 0 0 0 0 0 0 0 0 0 0 0 0 0 0 0 0 0 0 0 0 0 0 0 0 0 0 0 0 0 0 0 0 0 0 0 0 0 0 0 0 0 0 0 0 0 0 0 0 0 0 0 0 0 0 0 0 0 0 0 0 0 0 0 0 0 0 0 0 0 0 0 0 964 0 0 7 0 0 0 0 651 8793 12991 5966 262 551 140 62 24 3416 0
0 0 0 0 0 0 0 0 0 0 0 0 0 0 0 0 0 0 0 0 0 0 0 0 0 0 0 0 0 0 0 0 0 0 0 0 0 0 0 0 0 0 0 0 0 0 0 0 0 0 0 0 0 0 0 0 0 0 0 0 0 0 0 0 0 0 0 0 0 0 0 0 0 0 0 0 0 0 0 0 0 0 0 0 0 0 0 0 0 0 0 0 0 0 0 0 0 0 0 0 0 0 0 0 0 268 0 0 5 0 0 0 651 0 10988 3678 145 125 105 104 60 23 1527 0
0 0 0 0 0 0 0 0 0 0 0 0 0 0 0 0 0 0 0 0 0 0 0 0 0 0 0 0 0 0 0 0 0 0 0 0 0 0 0 0 0 0 0 0 0 0 0 0 0 0 0 0 0 0 0 0 0 0 0 0 0 0 0 0 0 0 0 0 0 0 0 0 0 0 0 0 0 0 0 0 0 0 0 0 0 0 0 0 0 0 0 0 0 0 0 0 0 0 0 0 0 0 0 0 0 2838 0 0 9337 0 0 0 8793 10988 0 5749 3015 3148 2039 2292 1101 71 3515 0
0 0 0 0 0 0 0 0 0 0 0 0 0 0 0 0 0 0 0 0 0 0 0 0 0 0 0 0 0 0 0 0 0 0 0 0 0 0 0 0 0 0 0 0 0 0 0 0 0 0 0 0 0 0 0 0 0 0 0 0 0 0 0 0 0 0 0 0 0 0 0 0 0 0 0 0 0 0 0 0 0 0 0 0 0 0 0 0 0 0 0 0 0 0 0 0 0 0 0 0 0 0 0 0 0 5897 0 0 7735 0 0 0 12991 3678 5749 0 24343 11003 8713 4189 1213 16 3594 0
0 0 0 0 0 0 0 0 0 0 0 0 0 0 0 0 0 0 0 0 0 0 0 0 0 0 0 0 0 0 0 0 0 0 0 0 0 0 0 0 0 0 0 0 0 0 0 0 0 0 0 0 0 0 0 0 0 0 0 0 0 0 0 0 0 0 0 0 0 0 0 0 0 0 0 0 0 0 0 0 0 0 0 0 0 0 0 0 0 0 0 0 0 0 0 0 0 0 0 0 0 0 0 0 0 2490 0 0 8 0 0 0 5966 145 3015 24343 0 27156 23549 2514 247 5 535 0
0 0 0 0 0 0 0 0 0 0 0 0 0 0 0 0 0 0 0 0 0 0 0 0 0 0 0 0 0 0 0 0 0 0 0 0 0 0 0 0 0 0 0 0 0 0 0 0 0 0 0 0 0 0 0 0 0 0 0 0 0 0 0 0 0 0 0 0 0 0 0 0 0 0 0 0 0 0 0 0 0 0 0 0 0 0 0 0 0 0 0 0 0 0 0 0 0 0 0 0 0 0 0 0 0 478 0 0 0 0 0 0 262 125 3148 11003 27156 0 6831 81 0 0 183 0
0 0 0 0 0 0 0 0 0 0 0 0 0 0 0 0 0 0 0 0 0 0 0 0 0 0 0 0 0 0 0 0 0 0 0 0 0 0 0 0 0 0 0 0 0 0 0 0 0 0 0 0 0 0 0 0 0 0 0 0 0 0 0 0 0 0 0 0 0 0 0 0 0 0 0 0 0 0 0 0 0 0 0 0 0 0 0 0 0 0 0 0 0 0 0 0 0 0 0 0 0 0 0 0 0 442 0 0 0 0 0 0 551 105 2039 8713 23549 6831 0 61 0 5 443 0
