0 0.11812 0.20218 0.15437 0.29586 0.15479 0.039813 0 3.966e-05 5.6657e-05 0 0.0015581 0 0 0.052629 0.0029292 0.024884 0.0005779 0.0034391 0.062663 0.97241 0.027785 0.09034 0.064465 0.023575 0.017722 0.0003796 0.00017564 0.026142 0.0007762 0.059756 0.00031728 0.0049348 0.00011331 0.0001983 0.00013031 0.0011388 0.015388 0.00016997 0.02638 0.0043173 0.053541 0.0018244 0.00011898 2.8329e-05 0.00014164 0.02911 0.001966 0.00058357 7.932e-05 0 5.6657e-05 0 0 0.0029858 0.0048159 0.033416 0.0017167 5.6657e-05 0 0 0 0 0 0 6.7989e-05 0 0 0.00015297 0.00015297 0.014425 0.00031161 0 5.6657e-05 0.0016091 0.00047592 2.8329e-05 2.8329e-05 9.0652e-05 0.0035014 0 0 0.00014164 0 0.00010198 0 0 3.3994e-05 7.932e-05 0 5.6657e-05 0.00010198 0 0 0 0 0 0 0 0 0 0 0 0 0 5.6657e-06 0 0 0 0 0 0 2.8329e-05 0 6.2323e-05 1.1331e-05 1.1331e-05 4.5326e-05 7.932e-05 0 0 0 0 0
0.11812 0 0.059405 0.021014 0.022601 0.0039717 0.00042493 0 0 0 0 0.00036827 0 0 0.0092181 0.0037337 0.22385 0.00074788 0.00015297 0.0034164 0.098482 0.02264 0.0088895 0.0053711 0.0047025 0.070164 0 0 0.00091785 5.6657e-05 0.0032408 0 0.00027195 0 5.6657e-05 9.6317e-05 0.0001983 0.0028725 4.5326e-05 0.046997 0.0019093 0.016142 0.00056657 7.932e-05 0 0 0.027048 0.0055354 0.00013031 5.6657e-05 4.5326e-05 0.00010765 0 0 0.0049518 0.026918 0.060266 0.0014561 5.0992e-05 2.8329e-05 0 0 0 0 0 4.5326e-05 0 0 0.00067422 7.3654e-05 0.038351 0.00068555 2.8329e-05 3.3994e-05 0.0049178 0.0023456 0.00015297 7.3654e-05 0.00049858 0.020244 0 3.3994e-05 0.00027195 0 0.00027195 0 7.3654e-05 0.00011898 0.00011898 0 6.2323e-05 0.00014731 0 0 0 0 0 0 0 0 0 0 0 5.6657e-06 0 5.6657e-06 0 0 0 0 0 0 4.5326e-05 5.6657e-06 2.8329e-05 5.6657e-06 2.2663e-05 5.0992e-05 8.4986e-05 1.6997e-05 0 0 1.6997e-05 0
0.20218 0.059405 0 0.10325 0.11343 0.13015 0.064261 5.6657e-05 0.00013598 0.00022096 0 0.073059 0 0 0.025836 0.054436 0.28951 0.0011955 0.00024363 0.020652 0.052011 0.0039263 0.0041643 0.0029632 0.00098017 0.011201 2.8329e-05 0 0.0015297 6.7989e-05 0.0033258 0 0.00023796 0 9.0652e-05 0.00010765 0.00015297 0.00075921 0 0.076346 0.030555 0.050227 0.010102 0.00015864 0 0.0011445 0.024555 0.0077847 0.0076997 0.00031161 8.4986e-05 0.00013598 0 0 0.013229 0.019071 0.19318 0.016799 0.0053541 0.00027195 0.0011615 8.4986e-05 0 3.3994e-05 0 0.0049065 0 0 0.0013031 0.0035581 0.11932 0.0013994 0 4.5326e-05 0.0067252 0.0012465 0.00013598 0.00012465 0.0003796 0.011756 0 0 9.0652e-05 0 0.0001813 0 3.3994e-05 0.00010198 0.00011331 0 5.6657e-05 9.6317e-05 0 0 0 0 0 0 0 0 0 0 0 0 0 0 0 0 0 0 0 0 2.2663e-05 0 3.3994e-05 0 2.2663e-05 2.8329e-05 2.8329e-05 5.6657e-06 0 0 0 0
0.15437 0.021014 0.10325 0 0.53458 0.18668 0.36358 0.031756 0.045042 0.038901 0.00019263 0.12883 0.0027989 0.00079887 0.04438 0.045065 0.033756 0.00023796 0.00013598 0.015632 0.034822 0.0011955 0.0026572 0.0021983 0.00055524 0.0022946 0 4.5326e-05 0.00094618 7.3654e-05 0.0021643 4.5326e-05 0.00013031 0 5.0992e-05 0 0.00011898 0.00045892 0 0.039858 0.01689 0.035853 0.0084816 7.3654e-05 0 0.0016261 0.0098924 0.0010198 0.0047025 0.0003966 0.00013031 0.00014731 0 2.8329e-05 0.0031785 0.0026856 0.064368 0.022079 0.0097224 0.00046459 0.0033371 0.0025042 0.00056657 0.00019263 0 0.021405 0.0012181 0 0.0020623 0.017892 0.056357 0.00047025 0 6.2323e-05 0.0011275 0.00022096 3.3994e-05 0 0.00011331 0.0023853 0 0 0 0 5.6657e-05 0 0 6.2323e-05 4.5326e-05 0 0 0 0 0 0 0 0 0 0 0 0 0 0 0 0 0 0 0 0 0 0 0 5.6657e-06 0 2.2663e-05 0 0 5.6657e-06 5.6657e-06 0 0 0 0 0
0.29586 0.022601 0.11343 0.53458 0 0.26458 0.60929 0.023807 0.03196 0.014669 3.3994e-05 0.24583 0.0028952 0.00026062 0.037609 0.017263 0.022771 6.7989e-05 0.00018697 0.01583 0.047836 0.0013994 0.0040113 0.0026856 0.0010028 0.0011785 0 3.966e-05 0.0011898 8.4986e-05 0.0028782 0 0.00028895 0 0 0 8.4986e-05 0.00066289 0 0.022108 0.0081473 0.026221 0.0049235 7.3654e-05 0 0.00084986 0.0066912 0.00035127 0.0013144 0.00010765 5.6657e-05 0 0 0 0.0013314 0.0010028 0.024374 0.0049122 0.0023229 0.00011331 0.00098584 0.00045326 0.00010198 0 0 0.004034 0.0001813 0 0.00067422 0.0025722 0.019796 0.00020397 0 0 0.00053824 7.932e-05 0 0 3.3994e-05 0.00087819 0 0 0 0 0 0 0 0 0 0 0 0 0 0 0 0 0 0 0 0 0 0 0 0 0 0 0 0 0 0 0 0 1.1331e-05 0 0 5.6657e-06 0 5.6657e-06 1.1331e-05 0 0 0 0 0
0.15479 0.0039717 0.13015 0.18668 0.26458 0 0.17967 0.00030028 0.002068 0.0032295 0 0.098459 0 0 0.073887 0.017541 0.029252 5.0992e-05 0.00060623 0.058623 0.028652 0.0024533 0.0045836 0.0070765 0.0016431 0.002136 3.966e-05 5.0992e-05 0.0041246 0.00012465 0.0079433 0 0.0005949 0 0 0 0.00010765 0.0014334 4.5326e-05 0.0055864 0.0014051 0.012595 0.0011501 0 0 0.00030028 0.003847 9.6317e-05 0.00041926 6.7989e-05 3.966e-05 0 0 0 0.00014164 9.6317e-05 0.0026289 0.002221 0.0011898 6.2323e-05 0.00077054 0 0 3.3994e-05 0 0.0025666 0 0 0.00040227 0.0011501 0.0045722 0 0 0 6.7989e-05 0 0 0 0 0.00013031 0 0 0 0 0 0 0 0 0 0 0 0 0 0 0 0 0 0 0 0 0 0 0 0 0 0 0 0 0 0 0 0 0 0 1.1331e-05 0 1.1331e-05 0 0 0 0 0 0 0
0.039813 0.00042493 0.064261 0.36358 0.60929 0.17967 0 0.017802 0.042708 0.10231 0.00023229 0.34123 0.0034278 0.00033428 0.059048 0.054754 0.032374 0 4.5326e-05 0.00217 0.0054731 0.00024363 0.00050992 0.0006289 0.0001813 0.00013598 0 3.3994e-05 0.00031728 0.00013031 0.00091218 0 0.00010198 0 0 0 6.7989e-05 0.00019263 0 0.0031275 0.0017224 0.0045609 0.00090652 0 0 0.00031161 0.00082153 0 0.00061756 7.932e-05 0 0 0 0 0 4.5326e-05 0.0023229 0.0039943 0.0021133 9.0652e-05 0.0010652 0.00084419 0.0001983 5.0992e-05 0 0.0041926 0.0004136 0 0.00062323 0.002051 0.005983 0 0 0 0 0 0 0 0 6.2323e-05 0 0 0 0 0 0 0 0 0 0 0 0 0 0 0 0 0 0 0 0 0 0 0 0 0 0 0 0 0 0 0 0 0 0 0 0 0 0 0 0 0 0 0 0
0 0 5.6657e-05 0.031756 0.023807 0.00030028 0.017802 0 0.13716 0.066448 0.032827 0.051008 0.028765 0.068272 0.045405 0.021581 0 0 0 0 0 2.8329e-05 0 0 0 0 3.966e-05 0.00012465 0.00011898 0.00023796 0.00019263 3.966e-05 6.2323e-05 0 0 4.5326e-05 0 0.00015297 0 0.00016997 0.00026062 7.932e-05 0 0 0 0.00013598 0.00020397 9.0652e-05 0 2.8329e-05 0 0 0 0 0 0 0 0.0061076 0.0017847 0 0.00014164 0.019513 0.0050425 0.00069122 0.00056657 0.0070765 0.0079433 0.00036827 0.00013031 0.0039943 0.00011331 0 0 0 0 0 0 0 0 0 0 0 0 0 0 0 0 0 0 0 0 0 0 0 0 0 0 0 0 0 0 0 0 0 0 0 0 0 0 0 0 0 0 0 0 0 0 0 0 0 0 0 0 0
3.966e-05 0 0.00013598 0.045042 0.03196 0.002068 0.042708 0.13716 0 0.059722 0.0029405 0.10513 0.019813 0.0087252 0.053722 0.026482 0.00014731 0 0 0 0 0 0 3.3994e-05 0 0 0 0.00010765 6.2323e-05 0.00017564 0.00015864 5.6657e-05 6.2323e-05 0 0 0 2.8329e-05 0.00019263 0 0.00014731 0.00011331 0.00012465 0 0 0 6.2323e-05 6.2323e-05 0 3.966e-05 0 0 0 0 0 0 0 0 0.005915 0.0016487 0 0.00011898 0.0092918 0.0017337 0.00031161 0.00011331 0.0064079 0.0040963 0.00011898 0.00011898 0.0046799 0.00016997 0 0 0 0 0 0 0 0 0 0 0 0 0 0 0 0 0 0 0 0 0 0 0 0 0 0 0 0 0 0 0 0 0 0 0 0 0 0 0 0 0 0 0 0 0 0 0 0 0 0 0 0 0
5.6657e-05 0 0.00022096 0.038901 0.014669 0.0032295 0.10231 0.066448 0.059722 0 0.0073201 0.1222 0.014385 0.0076827 0.34156 0.039552 0.00048725 0 0 0 2.8329e-05 6.2323e-05 5.0992e-05 4.5326e-05 3.966e-05 5.0992e-05 5.0992e-05 0.00023796 0.00014164 0.00072521 0.00056657 0.00025496 0.00015864 3.966e-05 0 5.6657e-05 0.00011331 0.00044193 3.966e-05 0.00042493 0.00023796 0.00058924 5.6657e-05 0 6.7989e-05 0.00013598 0.00013031 0 5.0992e-05 0 0 0 0 0 0 0 3.3994e-05 0.0057337 0.0017224 0 6.2323e-05 0.0071671 0.0016091 0.00035694 0.00011331 0.0055127 0.0029518 5.0992e-05 5.6657e-05 0.0043626 0.00018697 0 0 0 0 0 0 0 0 2.8329e-05 0 0 0 0 0 0 0 0 0 0 0 0 0 0 0 0 0 0 0 0 0 0 0 0 0 0 0 0 0 0 0 0 0 0 0 0 0 0 0 0 0 0 0 0
0 0 0 0.00019263 3.3994e-05 0 0.00023229 0.032827 0.0029405 0.0073201 0 0.0038697 0.08034 0.099456 0.00073654 0.048975 0 0 0 0 0 0 0 0 0 0 0 0 0 3.966e-05 3.3994e-05 2.8329e-05 0 0 0 0 0 2.8329e-05 0 0 0 0 0 0 0 0 0 0 0 0 0 0 0 0 0 0 0 5.0992e-05 0 0 0 0.00062323 0.00015864 2.8329e-05 0 0.00014731 0.00033994 5.0992e-05 0 3.966e-05 0 0 0 0 0 0 0 0 0 0 0 0 0 0 0 0 0 0 0 0 0 0 0 0 0 0 0 0 0 0 0 0 0 0 0 0 0 0 0 0 0 0 0 0 0 0 0 0 0 0 0 0 0 0
0.0015581 0.00036827 0.073059 0.12883 0.24583 0.098459 0.34123 0.051008 0.10513 0.1222 0.0038697 0 0.067178 0.017768 0.046204 0.22118 0.084244 0.00011331 0 0.00096317 0.00037394 0.00013598 0 5.6657e-05 0 0.0003796 0 4.5326e-05 6.7989e-05 0.00014731 0.00013031 3.966e-05 0 0 0 0 6.7989e-05 0.00010765 0 0.015722 0.008119 0.021439 0.003779 3.966e-05 0 0.0016544 0.0031161 0.00020963 0.0043399 0.0006289 0.00013031 8.4986e-05 0 3.966e-05 0.00011898 0.00013598 0.012975 0.060357 0.022969 0.00052691 0.0067139 0.022334 0.0041756 0.0011388 0.00022096 0.069989 0.010278 0.00016997 0.0039773 0.067637 0.036697 0.00010765 0 0 0 0 0 0 0 0.00030028 0 0 0 0 0 0 0 0 0 0 0 0 0 0 0 0 0 0 0 0 0 0 0 0 0 0 0 0 0 0 0 0 0 0 0 0 0 0 5.6657e-06 0 0 0 0 0
0 0 0 0.0027989 0.0028952 0 0.0034278 0.028765 0.019813 0.014385 0.08034 0.067178 0 0.35018 0.0057734 0.076034 0 0 0 0 0 0 0 0 0 0 0 0 0 6.2323e-05 3.3994e-05 0 0 0 0 0 0 0 0 0.00010198 0.00018697 8.4986e-05 0 0 0 8.4986e-05 5.6657e-05 7.3654e-05 0 0 0 0 0 0 0 0 0 0.0062663 0.0024419 0 0.00015297 0.022521 0.0059433 0.0008272 0.0010765 0.0065382 0.007949 0.00047025 6.7989e-05 0.0034334 7.932e-05 0 0 0 0 0 0 0 0 0 0 0 0 0 0 0 0 0 0 0 0 0 0 0 0 0 0 0 0 0 0 0 0 0 0 0 0 0 0 0 0 0 0 0 0 0 0 0 0 0 0 0 0 0
0 0 0 0.00079887 0.00026062 0 0.00033428 0.068272 0.0087252 0.0076827 0.099456 0.017768 0.35018 0 0.0053711 0.049626 0 0 0 0 0 0 0 0 0 0 0 0 0 2.8329e-05 3.966e-05 0 0 0 0 0 0 0 0 6.7989e-05 0.0001983 5.0992e-05 0 0 0 4.5326e-05 0 8.4986e-05 0 0 0 0 0 0 0 0 0 0.0035014 0.0012861 0 0.00011331 0.014731 0.0041133 0.00057224 0.0008102 0.0040057 0.0053598 0.00026629 6.7989e-05 0.0016091 0 0 0 0 0 0 0 0 0 0 0 0 0 0 0 0 0 0 0 0 0 0 0 0 0 0 0 0 0 0 0 0 0 0 0 0 0 0 0 0 0 0 0 0 0 0 0 0 0 0 0 0 0 0
0.052629 0.0092181 0.025836 0.04438 0.037609 0.073887 0.059048 0.045405 0.053722 0.34156 0.00073654 0.046204 0.0057734 0.0053711 0 0.009932 0.009949 0.0027252 0.0072465 0.13173 0.082397 0.021592 0.01766 0.052652 0.011728 0.020748 0.0037564 0.015728 0.048119 0.12139 0.056045 0.015467 0.006068 0.0029915 0.0025836 0.0031445 0.0080793 0.04489 0.0033088 0.0014108 0.0001983 0.0059773 0.00011898 0.00016997 0.0073371 5.6657e-05 0.0039603 6.2323e-05 7.932e-05 0 0 0.00014731 0 0 7.3654e-05 0.00031161 0.00086119 0.00053258 0.00020963 0 8.4986e-05 0.00033994 6.7989e-05 0 0 0.00065156 0.00011331 0 0.00071388 0.00047592 0.0010595 0.00053824 5.6657e-05 5.0992e-05 0.0001813 0.00086686 3.966e-05 9.0652e-05 0.00077054 0.0085326 7.3654e-05 0 0.002187 9.0652e-05 0.0014561 5.0992e-05 0.00022096 0.0009915 0.002068 4.5326e-05 0.0028839 0.0032295 0.00019263 0 0 0 0 0 0 0 0 0 0 0 0 0 0 0 0 0 0 0 4.5326e-05 0 2.2663e-05 0 1.6997e-05 5.0992e-05 4.5326e-05 0 0 0 0 0
0.0029292 0.0037337 0.054436 0.045065 0.017263 0.017541 0.054754 0.021581 0.026482 0.039552 0.048975 0.22118 0.076034 0.049626 0.009932 0 0.16928 0.00065156 0 0.00027195 0.0011671 0.0010538 0.00015297 7.3654e-05 0 0.0042266 0 0 4.5326e-05 0.00011898 0.00015297 3.3994e-05 0 0 5.0992e-05 0 3.3994e-05 0.00012465 0 0.0050312 0.0034334 0.0047082 0.00098017 0 0 0.00023796 0.0012011 0.00032295 0.0052125 0.00053258 8.4986e-05 0.00013598 0 3.3994e-05 0.00051558 0.00060623 0.019949 0.062589 0.021547 0.00047592 0.0058924 0.046561 0.0093201 0.0016487 0.00081586 0.071445 0.022448 0.0005779 0.0037677 0.084912 0.039422 0.00022663 0 0 0.0002153 3.3994e-05 0 0 0 0.00087252 0 0 0 0 0 0 0 2.8329e-05 0 0 0 0 0 0 0 0 0 0 0 0 0 0 0 0 0 0 0 0 0 0 0 0 5.6657e-06 0 0 0 0 0 0 0 0 0 0 0
0.024884 0.22385 0.28951 0.033756 0.022771 0.029252 0.032374 0 0.00014731 0.00048725 0 0.084244 0 0 0.009949 0.16928 0 0.094176 0.00063456 0.003915 0.048686 0.10938 0.022164 0.0096034 0.011892 0.57496 8.4986e-05 9.6317e-05 0.0031048 0.00025496 0.0058074 5.6657e-05 0.00053824 0.00050992 0.0072125 7.932e-05 0.0043116 0.0075694 7.3654e-05 0.025105 0.013745 0.011229 0.0024249 9.0652e-05 0 0.00070255 0.00983 0.0054674 0.0045892 0.00032861 0.00011898 0.00028329 0 0 0.0064589 0.023411 0.099173 0.013626 0.0051841 0.00027195 0.0020567 4.5326e-05 4.5326e-05 3.966e-05 0 0.007762 0 0 0.0025666 0.003711 0.086419 0.0016204 9.6317e-05 9.6317e-05 0.0044929 0.0036374 0.00028329 0.00020963 0.0011445 0.027337 0 0 0.0010992 0 0.0011671 0 0.00015864 0.00022663 0.00046459 0 0.00038527 0.00055524 0 0 0 0 1.6997e-05 5.6657e-06 0 0 0 0 0 5.6657e-06 0 0 0 0 0 0 0 0 0 0 2.2663e-05 5.6657e-06 1.6997e-05 3.3994e-05 3.3994e-05 0 0 0 5.6657e-06 0
0.0005779 0.00074788 0.0011955 0.00023796 6.7989e-05 5.0992e-05 0 0 0 0 0 0.00011331 0 0 0.0027252 0.00065156 0.094176 0 0.00060057 0.00023229 0.0019207 0.1018 0.015983 0.0028442 0.0018414 0.44017 0.00065156 0.00032861 0.0069518 0.0010085 0.0084646 0.00023796 0.00090085 0.0092125 0.055167 0.0024929 0.030034 0.039858 0.0013428 0.00048159 3.966e-05 0 0 0.00024929 3.3994e-05 0 0.0016487 0 0 0 0 0.00016997 0 0 0 0.00014164 7.932e-05 0 0 0 0 0 0 0 0 0 0 0 0.00063456 0 0.00048725 0.003779 7.3654e-05 0 0.00011331 0.00092918 3.966e-05 0.00013598 0.0010255 0.01715 0.00020397 0 0.0023796 8.4986e-05 0.0016034 7.3654e-05 0.00033428 0.014646 0.010436 0.0017054 0.016697 0.011654 0.00085552 0 0 0 0 0 0 0 0 0 0 0 0 0 0 0 0 0 0 0 5.6657e-06 0 0 0 0 5.6657e-06 0 5.6657e-06 0 0 0 0
0.0034391 0.00015297 0.00024363 0.00013598 0.00018697 0.00060623 4.5326e-05 0 0 0 0 0 0 0 0.0072465 0 0.00063456 0.00060057 0 0.036266 0.0050878 0.0044816 0.0024363 0.0070595 0.0031785 0.003864 7.3654e-05 4.5326e-05 0.056946 0.00013031 0.0078527 4.5326e-05 0.0006119 0 0.00024929 2.8329e-05 0.0013144 0.0052861 0.00010198 0 0 0.00026062 0 0 0 0 0.00069122 0 0 0 0 0 0 0 0 6.7989e-05 0 0 0 0 0 0 0 0 0 0 0 0 6.2323e-05 0 2.8329e-05 0.00010198 2.8329e-05 0 0 0.00012465 0 0 5.0992e-05 0.0010085 0 0 0.00026062 0 0.00016431 0 0 5.0992e-05 0.00017564 0 0.00015297 0.00022663 0 0 0 0 5.6657e-06 0 0 0 0 0 0 0 0 5.6657e-06 0 0 0 0 0 0 1.6997e-05 0 0 0 0 1.6997e-05 0 0 0 0 0 0
0.062663 0.0034164 0.020652 0.015632 0.01583 0.058623 0.00217 0 0 0 0 0.00096317 0 0 0.13173 0.00027195 0.003915 0.00023229 0.036266 0 0.10377 0.0064306 0.0067422 0.077326 0.0036487 0.0067705 0.00013598 0.00015864 0.061853 0.00085552 0.051331 0.00016997 0.0029518 6.2323e-05 3.3994e-05 5.6657e-05 0.0005949 0.0032181 9.6317e-05 0.00069688 0.00011331 0.010856 5.0992e-05 0 3.3994e-05 0 0.0045949 3.966e-05 3.3994e-05 0 0 0 0 0 8.4986e-05 0.0001813 0.00073654 5.6657e-05 0 0 0 0 0 0 0 0 0 0 6.2323e-05 0 0.00044193 0 0 0 3.966e-05 0.00012465 0 0 0 0.00072521 0 0 5.0992e-05 0 0 0 0 0 2.8329e-05 0 0 0 0 0 0 0 0 0 0 0 0 0 0 0 0 0 0 0 0 0 0 0 3.3994e-05 0 2.2663e-05 0 5.6657e-06 2.2663e-05 2.8329e-05 0 0 0 5.6657e-06 0
0.97241 0.098482 0.052011 0.034822 0.047836 0.028652 0.0054731 0 0 2.8329e-05 0 0.00037394 0 0 0.082397 0.0011671 0.048686 0.0019207 0.0050878 0.10377 0 0.098703 0.4142 0.26952 0.073207 0.084487 0.00060623 0.00046459 0.046873 0.0012295 0.13081 0.0004136 0.012062 0.00023229 0.00040227 0.00029462 0.0033088 0.046227 0.00067989 0.015286 0.00092918 0.041575 0.00033994 0.00010198 9.0652e-05 3.3994e-05 0.029054 0.0010765 0.00014164 3.966e-05 0 6.7989e-05 0 0 0.0010142 0.0052635 0.011184 0.00040793 3.3994e-05 0 0 0 0 0 0 0 0 0 0.00040227 3.3994e-05 0.0076317 0.00028895 3.3994e-05 2.8329e-05 0.0010822 0.0010652 8.4986e-05 7.932e-05 0.00034561 0.0070085 0 0 0.00035694 0 0.00027762 0 7.3654e-05 5.0992e-05 7.932e-05 0 9.0652e-05 0.00013598 0 0 0 0 5.6657e-06 0 0 0 0 0 0 0 0 1.6997e-05 0 0 0 0 0 0 5.6657e-05 0 0.00013031 0 3.3994e-05 5.0992e-05 7.932e-05 5.6657e-06 0 0 1.1331e-05 0
0.027785 0.02264 0.0039263 0.0011955 0.0013994 0.0024533 0.00024363 2.8329e-05 0 6.2323e-05 0 0.00013598 0 0 0.021592 0.0010538 0.10938 0.1018 0.0044816 0.0064306 0.098703 0 0.35817 0.042907 0.14029 0.37504 0.00084986 0.00085552 0.026096 0.0020113 0.03889 0.00061756 0.0032861 0.0019433 0.017524 0.0005949 0.094227 0.18165 0.00098017 0.008204 3.966e-05 0.0017394 7.3654e-05 0.00035694 0.0001983 0 0.016737 0.00091218 4.5326e-05 2.8329e-05 2.8329e-05 0.0011445 0 0 0.00057224 0.0068442 0.0032465 8.4986e-05 5.6657e-05 0 0 0 0 0 0 2.8329e-05 0 0 0.0044986 0 0.0075694 0.0084646 0.0003796 0.0001813 0.001762 0.0086629 0.00036827 0.00091218 0.004119 0.077762 0.00017564 3.966e-05 0.011246 0.00020397 0.0077734 0.00022663 0.0013371 0.0062663 0.0090312 0.00022096 0.0069235 0.011734 0.00052125 5.6657e-06 0 1.1331e-05 5.6657e-06 5.6657e-06 0 0 0 0 0 0 0 0 0 0 0 0 0 0 5.6657e-05 5.6657e-06 7.3654e-05 0 1.1331e-05 3.3994e-05 7.3654e-05 2.2663e-05 5.6657e-06 0 1.6997e-05 0
0.09034 0.0088895 0.0041643 0.0026572 0.0040113 0.0045836 0.00050992 0 0 5.0992e-05 0 0 0 0 0.01766 0.00015297 0.022164 0.015983 0.0024363 0.0067422 0.4142 0.35817 0 0.12062 0.26216 0.065031 0.00094618 0.00051558 0.019915 0.0015524 0.08068 0.00040227 0.0075241 0.00082153 0.003847 0.00035127 0.070295 0.3212 0.00092351 0.0022323 0 0.0045609 5.0992e-05 0.00022663 0.00017564 0 0.0072691 0.00010765 0 2.8329e-05 0 0.00026629 0 0 0.00013598 0.0008272 0.0007762 0 0 0 0 0 0 0 0 0 0 0 0.0011161 0 0.0010935 0.0016147 9.6317e-05 6.2323e-05 0.00024929 0.0013428 6.7989e-05 0.00018697 0.00092351 0.01915 0.00010198 0 0.0026799 4.5326e-05 0.0021756 8.4986e-05 0.00048159 0.0031445 0.0035297 8.4986e-05 0.0026176 0.0046799 0.00013598 0 0 5.6657e-06 5.6657e-06 0 0 0 0 0 0 0 0 0 0 0 0 0 0 0 2.2663e-05 0 1.6997e-05 0 5.6657e-06 2.8329e-05 4.5326e-05 0 0 0 5.6657e-06 0
0.064465 0.0053711 0.0029632 0.0021983 0.0026856 0.0070765 0.0006289 0 3.3994e-05 4.5326e-05 0 5.6657e-05 0 0 0.052652 7.3654e-05 0.0096034 0.0028442 0.0070595 0.077326 0.26952 0.042907 0.12062 0 0.11177 0.032431 0.0010538 0.0006289 0.1255 0.0025099 0.4391 0.00080453 0.028431 0.00034561 0.00049292 0.0003796 0.0031218 0.034091 0.00061756 0.0013598 0 0.0036771 0 4.5326e-05 0.0001813 0 0.0061133 5.6657e-05 0 0 0 5.0992e-05 0 0 8.4986e-05 0.00031728 0.00040793 0 0 0 0 0 0 0 0 0 0 0 0.00012465 0 0.00034561 0.00031728 0 0 0.00016431 0.00041926 3.966e-05 0 0.00020963 0.0027139 0 0 0.00041926 0 0.00022096 0 3.3994e-05 9.0652e-05 0.00013598 0 8.4986e-05 0.00018697 0 0 5.6657e-06 0 0 0 0 0 0 0 0 0 0 0 0 0 0 0 0 0 5.6657e-06 0 1.1331e-05 0 3.3994e-05 4.5326e-05 5.0992e-05 0 0 0 0 0
0.023575 0.0047025 0.00098017 0.00055524 0.0010028 0.0016431 0.0001813 0 0 3.966e-05 0 0 0 0 0.011728 0 0.011892 0.0018414 0.0031785 0.0036487 0.073207 0.14029 0.26216 0.11177 0 0.04153 0.00074788 0.00042493 0.02268 0.0015581 0.14279 0.00049292 0.0087422 0.00025496 0.00048725 0.00024363 0.0036544 0.081728 0.00050992 0.0013654 0 0.00090085 0 0.00013598 0.00014164 0 0.0056374 3.966e-05 0 0 0 0 0 0 3.3994e-05 0.00028329 0.00015297 0 0 0 0 0 0 0 0 0 0 0 0.00013031 0 0.00016997 0.0001983 0 0 6.2323e-05 0.00020963 0 3.966e-05 0.00014731 0.0024023 0 0 0.00028895 0 0.00022096 0 5.6657e-05 0.00027195 0.00032295 0 0.00022663 0.00033994 0 0 0 0 0 0 0 0 0 0 0 0 0 0 0 0 0 0 0 0 1.1331e-05 0 5.6657e-06 0 1.6997e-05 2.2663e-05 2.2663e-05 0 5.6657e-06 0 1.1331e-05 0
0.017722 0.070164 0.011201 0.0022946 0.0011785 0.002136 0.00013598 0 0 5.0992e-05 0 0.0003796 0 0 0.020748 0.0042266 0.57496 0.44017 0.003864 0.0067705 0.084487 0.37504 0.065031 0.032431 0.04153 0 0.0042266 0.013773 0.020408 0.0017734 0.034006 0.00054958 0.0049972 0.072476 0.17991 0.06383 0.098918 0.10828 0.0053484 0.019694 0.00018697 0.0018244 0.00014731 0.0050255 0.00015864 0 0.024674 0.0031161 6.2323e-05 0.00010198 5.6657e-05 0.0014674 0 0 0.0013258 0.018924 0.011909 0.00027762 6.2323e-05 6.2323e-05 0 0 0 0 0 4.5326e-05 0 0 0.0072861 3.966e-05 0.019082 0.017099 0.00049858 0.00035694 0.0035921 0.01447 0.00084986 0.0013088 0.0056714 0.12934 0.00040227 9.6317e-05 0.015201 0.00024363 0.011649 0.00019263 0.0024023 0.02 0.017416 0.0012635 0.015575 0.019003 0.00094051 0 0 1.1331e-05 2.2663e-05 1.6997e-05 5.6657e-06 0 0 0 0 1.6997e-05 0 5.6657e-06 0 0 0 0 0 0 6.7989e-05 5.6657e-06 1.6997e-05 0 5.0992e-05 8.4986e-05 7.932e-05 0 0 0 1.1331e-05 0
0.0003796 0 2.8329e-05 0 0 3.966e-05 0 3.966e-05 0 5.0992e-05 0 0 0 0 0.0037564 0 8.4986e-05 0.00065156 7.3654e-05 0.00013598 0.00060623 0.00084986 0.00094618 0.0010538 0.00074788 0.0042266 0 0.035173 0.0030368 0.0048782 0.027541 0.00088952 0.087513 0.020062 0.00041926 0.14806 0.0051785 0.4308 0.31346 0 0 0 0 0.028153 0.0044476 0 0.00022096 0 0 0 0 0 0 0 0 0 0 0 0 0 0 0 0 0 0 0 0 0 9.0652e-05 0 0 8.4986e-05 0 0 0 0.00010198 0 0 6.7989e-05 0.0014958 0 0 0.00036261 0 0.00022663 0 3.3994e-05 0.0010255 0.00091218 4.5326e-05 0.0011275 0.00088952 8.4986e-05 0 0 0 0 0 0 0 0 0 0 0 0 0 0 0 0 0 0 0 0 0 0 0 0 0 0 0 0 0 0 0
0.00017564 0 0 4.5326e-05 3.966e-05 5.0992e-05 3.3994e-05 0.00012465 0.00010765 0.00023796 0 4.5326e-05 0 0 0.015728 0 9.6317e-05 0.00032861 4.5326e-05 0.00015864 0.00046459 0.00085552 0.00051558 0.0006289 0.00042493 0.013773 0.035173 0 0.0022323 0.014935 0.017167 0.0036827 0.07196 0.0060737 0.00018697 0.092504 0.0012465 0.024136 0.009949 9.6317e-05 0 0 0 0.28762 0.022187 0 0.0001983 0 0 0 0 0 0 0 0 0 0 0 0 0 0 0 0 0 0 0 0 0 3.3994e-05 0 2.8329e-05 3.966e-05 0 0 0 4.5326e-05 0 0 5.0992e-05 0.00054391 0 0 9.6317e-05 0 6.2323e-05 0 3.3994e-05 0.0003796 0.00015864 0 0.00020397 0.00027762 0 0 0 0 0 0 0 0 0 0 0 0 0 0 0 0 0 0 0 0 0 0 0 0 0 0 0 0 0 0 0 0
0.026142 0.00091785 0.0015297 0.00094618 0.0011898 0.0041246 0.00031728 0.00011898 6.2323e-05 0.00014164 0 6.7989e-05 0 0 0.048119 4.5326e-05 0.0031048 0.0069518 0.056946 0.061853 0.046873 0.026096 0.019915 0.1255 0.02268 0.020408 0.0030368 0.0022323 0 0.25039 0.90975 0.013422 0.018629 0.0064589 0.004238 0.0051105 0.015292 0.095484 0.0061133 0.0003796 0 0.0016884 0 0.00010198 0.00022663 0 0.0033824 5.0992e-05 0 0 0 0.00024929 0 0 3.966e-05 0.0002153 0.00011331 0 0 0 0 0 0 0 0 0 0 0 0.00096317 0 0.00036827 0.0010652 2.8329e-05 8.4986e-05 0.00016431 0.0010538 4.5326e-05 0.00015864 0.0010085 0.011615 9.0652e-05 0 0.0028725 0.00013031 0.0017054 6.2323e-05 0.00040793 0.0014391 0.0027365 9.0652e-05 0.0035014 0.004034 0.00022663 0 0 0 0 0 0 0 0 0 0 0 0 0 0 0 0 0 0 0 2.8329e-05 0 5.6657e-06 0 2.8329e-05 2.2663e-05 1.6997e-05 5.6657e-06 0 0 5.6657e-06 0
0.0007762 5.6657e-05 6.7989e-05 7.3654e-05 8.4986e-05 0.00012465 0.00013031 0.00023796 0.00017564 0.00072521 3.966e-05 0.00014731 6.2323e-05 2.8329e-05 0.12139 0.00011898 0.00025496 0.0010085 0.00013031 0.00085552 0.0012295 0.0020113 0.0015524 0.0025099 0.0015581 0.0017734 0.0048782 0.014935 0.25039 0 0.058606 0.037348 0.0034674 0.0026346 0.00047025 0.0024249 0.0020567 0.020436 0.0016261 8.4986e-05 0 6.7989e-05 0 0.00094051 0.028918 0 0.00032295 0 0 0 0 4.5326e-05 0 0 0 0 0 0 0 0 0 0 0 0 0 0 0 0 0.00018697 0 3.3994e-05 0.00017564 0 0 0 0.00011898 0 0 9.0652e-05 0.0014844 0 0 0.0003796 0 0.00024363 0 5.6657e-05 0.00022096 0.00025496 0 0.00041926 0.00054391 0 0 0 0 0 0 0 0 0 0 0 0 0 0 0 0 0 0 0 0 0 0 0 0 0 0 5.6657e-06 0 0 0 0 0
0.059756 0.0032408 0.0033258 0.0021643 0.0028782 0.0079433 0.00091218 0.00019263 0.00015864 0.00056657 3.3994e-05 0.00013031 3.3994e-05 3.966e-05 0.056045 0.00015297 0.0058074 0.0084646 0.0078527 0.051331 0.13081 0.03889 0.08068 0.4391 0.14279 0.034006 0.027541 0.017167 0.90975 0.058606 0 0.040198 0.47265 0.026232 0.0058017 0.036601 0.027739 0.53747 0.041161 0.0012068 3.966e-05 0.0030425 0 0.0017734 0.00032295 0 0.0056544 4.5326e-05 0 0 0 0.00028329 0 0 0.00011331 0.00041926 0.00031161 0 0 0 0 0 0 0 0 0 0 0 0.0013598 0 0.0005779 0.0012748 8.4986e-05 5.0992e-05 0.00032861 0.0015184 7.3654e-05 0.00016997 0.0013484 0.016499 0.00012465 5.6657e-05 0.003881 0.00016431 0.0024873 0.00015864 0.00047592 0.0027365 0.003983 6.7989e-05 0.0056034 0.0060793 0.00028895 0 0 0 0 0 0 0 0 0 0 0 0 0 0 0 0 0 0 0 2.2663e-05 0 1.1331e-05 0 0 3.3994e-05 0 0 0 0 1.1331e-05 0
0.00031728 0 0 4.5326e-05 0 0 0 3.966e-05 5.6657e-05 0.00025496 2.8329e-05 3.966e-05 0 0 0.015467 3.3994e-05 5.6657e-05 0.00023796 4.5326e-05 0.00016997 0.0004136 0.00061756 0.00040227 0.00080453 0.00049292 0.00054958 0.00088952 0.0036827 0.013422 0.037348 0.040198 0 0.0030652 0.00068555 0.00011331 0.0008272 0.0006289 0.0059093 0.00070822 2.8329e-05 0 0 0 0.00047025 0.0001813 0 0.00011331 0 0 0 0 0 0 0 0 0 0 0 0 0 0 0 0 0 0 0 0 0 0 0 0 3.3994e-05 0 0 0 6.2323e-05 0 0 3.966e-05 0.00047025 0 0 0.00015864 0 6.2323e-05 0 0 0.00010765 7.932e-05 0 0.00014164 0.00019263 0 0 0 0 0 0 0 0 0 0 0 0 0 0 0 0 0 0 0 0 0 0 0 0 0 0 0 0 0 0 0 0
0.0049348 0.00027195 0.00023796 0.00013031 0.00028895 0.0005949 0.00010198 6.2323e-05 6.2323e-05 0.00015864 0 0 0 0 0.006068 0 0.00053824 0.00090085 0.0006119 0.0029518 0.012062 0.0032861 0.0075241 0.028431 0.0087422 0.0049972 0.087513 0.07196 0.018629 0.0034674 0.47265 0.0030652 0 0.013796 0.00066856 0.048856 0.0063116 0.26986 0.038221 0.00015864 0 0.00019263 0 0.017235 0.0006119 0 0.00060057 0 0 0 0 4.5326e-05 0 0 0 3.3994e-05 0 0 0 0 0 0 0 0 0 0 0 0 0.00015297 0 3.966e-05 0.00015297 0 0 3.3994e-05 0.00011898 0 0 0.00011331 0.0017337 3.3994e-05 0 0.00039093 0 0.00022096 0 5.0992e-05 0.00056657 0.0005779 0 0.00074788 0.00087252 0 0 0 0 0 0 0 0 0 0 0 0 0 0 0 0 0 0 0 0 5.6657e-06 0 0 0 0 0 5.6657e-06 0 0 0 0 0
0.00011331 0 0 0 0 0 0 0 0 3.966e-05 0 0 0 0 0.0029915 0 0.00050992 0.0092125 0 6.2323e-05 0.00023229 0.0019433 0.00082153 0.00034561 0.00025496 0.072476 0.020062 0.0060737 0.0064589 0.0026346 0.026232 0.00068555 0.013796 0 0.84941 0.73422 0.58249 0.35639 0.088176 0 0 0 0 0.0087649 5.6657e-05 0 0.00028895 0 0 0 0 0.0002153 0 0 6.2323e-05 3.966e-05 2.8329e-05 0 0 0 0 0 0 0 0 0 0 0 0.00090652 0 0.00010198 0.0048102 3.3994e-05 0 6.2323e-05 0.00058357 4.5326e-05 0.00011331 0.0011218 0.027632 0.00051558 6.7989e-05 0.0031955 0.00011898 0.0030482 0.00011331 0.00065156 0.043326 0.037717 0.003728 0.039926 0.028482 0.0019207 0 0 0 0 0 0 0 0 0 0 0 0 0 0 0 0 0 0 0 0 0 0 0 0 0 5.6657e-06 0 0 0 0 0
0.0001983 5.6657e-05 9.0652e-05 5.0992e-05 0 0 0 0 0 0 0 0 0 0 0.0025836 5.0992e-05 0.0072125 0.055167 0.00024929 3.3994e-05 0.00040227 0.017524 0.003847 0.00049292 0.00048725 0.17991 0.00041926 0.00018697 0.004238 0.00047025 0.0058017 0.00011331 0.00066856 0.84941 0 0.0072351 1 0.14233 0.00095751 8.4986e-05 0 0 0 0.00014164 6.2323e-05 0 0.0012691 0 0 0 0 0.00040793 0 0 0.00012465 0.00011898 6.7989e-05 0 0 0 0 0 0 0 0 0 0 0 0.0024419 0 0.00057224 0.0048782 9.0652e-05 9.6317e-05 0.00024929 0.0013654 2.8329e-05 0.00030595 0.0017734 0.055705 0.00036827 4.5326e-05 0.0054504 0.00017564 0.0058017 0.0001813 0.0015241 0.02949 0.030635 0.00096317 0.019433 0.02604 0.0013201 0 0 0 0 0 0 0 0 0 0 0 0 0 0 0 0 0 0 0 0 0 0 0 0 5.6657e-06 0 5.6657e-06 0 0 0 0
0.00013031 9.6317e-05 0.00010765 0 0 0 0 4.5326e-05 0 5.6657e-05 0 0 0 0 0.0031445 0 7.932e-05 0.0024929 2.8329e-05 5.6657e-05 0.00029462 0.0005949 0.00035127 0.0003796 0.00024363 0.06383 0.14806 0.092504 0.0051105 0.0024249 0.036601 0.0008272 0.048856 0.73422 0.0072351 0 0.071161 0.3565 0.26965 5.6657e-05 0 0 0 0.012776 7.932e-05 0 0.00010765 0 0 0 0 3.966e-05 0 0 0 2.8329e-05 0 0 0 0 0 0 0 0 0 0 0 0 0.00013031 0 0 0.00072521 0 0 0 0.00010198 0 2.8329e-05 9.6317e-05 0.0028612 3.966e-05 0 0.00047592 0 0.00036261 0 9.0652e-05 0.0067195 0.002034 0.0003966 0.0033768 0.0024533 0.00019263 0 0 0 0 0 0 0 0 0 0 0 0 0 0 0 0 0 0 0 0 0 0 0 0 0 0 0 0 0 0 0
0.0011388 0.0001983 0.00015297 0.00011898 8.4986e-05 0.00010765 6.7989e-05 0 2.8329e-05 0.00011331 0 6.7989e-05 0 0 0.0080793 3.3994e-05 0.0043116 0.030034 0.0013144 0.0005949 0.0033088 0.094227 0.070295 0.0031218 0.0036544 0.098918 0.0051785 0.0012465 0.015292 0.0020567 0.027739 0.0006289 0.0063116 0.58249 1 0.071161 0 0.53861 0.008119 0.00030028 0 4.5326e-05 0 0.00055524 0.00016431 0 0.0024533 0 0 0 0 0.00055524 0 0 0.00023229 0.00025496 7.932e-05 0 0 0 0 0 0 0 0 0 0 0 0.003711 0 0.00055524 0.0073541 0.00013598 0.00014731 0.00039093 0.0020283 5.0992e-05 0.00047025 0.0026572 0.073212 0.0007762 6.7989e-05 0.0088612 0.00023229 0.0092805 0.00025496 0.0024759 0.048669 0.03902 0.001796 0.035552 0.045416 0.0025326 0 0 0 0 0 0 0 0 0 0 0 0 0 0 0 0 0 0 0 1.6997e-05 0 0 0 5.6657e-06 5.6657e-06 5.6657e-06 0 0 0 0 0
0.015388 0.0028725 0.00075921 0.00045892 0.00066289 0.0014334 0.00019263 0.00015297 0.00019263 0.00044193 2.8329e-05 0.00010765 0 0 0.04489 0.00012465 0.0075694 0.039858 0.0052861 0.0032181 0.046227 0.18165 0.3212 0.034091 0.081728 0.10828 0.4308 0.024136 0.095484 0.020436 0.53747 0.0059093 0.26986 0.35639 0.14233 0.3565 0.53861 0 0.6047 0.0016317 0 0.00040227 0 0.0015581 0.00068555 0 0.0096091 5.0992e-05 3.3994e-05 0 0 0.0011671 0 0 0.00036261 0.0005949 0.00032295 0 3.3994e-05 8.4986e-05 0 0 0 0 0 0 0 0 0.0069008 0 0.0013201 0.0093824 0.00015864 0.00027762 0.00072521 0.0043739 0.00014731 0.00084986 0.0064193 0.11267 0.0011048 0.00013598 0.01885 0.00073654 0.016799 0.00056657 0.0040567 0.066385 0.061711 0.0031671 0.07685 0.079252 0.0044023 0 0 0 0 0 0 0 0 0 0 0 0 5.6657e-06 0 0 0 0 0 0 1.1331e-05 0 6.2323e-05 0 1.6997e-05 7.3654e-05 6.2323e-05 1.1331e-05 5.6657e-06 0 0 0
0.00016997 4.5326e-05 0 0 0 4.5326e-05 0 0 0 3.966e-05 0 0 0 0 0.0033088 0 7.3654e-05 0.0013428 0.00010198 9.6317e-05 0.00067989 0.00098017 0.00092351 0.00061756 0.00050992 0.0053484 0.31346 0.009949 0.0061133 0.0016261 0.041161 0.00070822 0.038221 0.088176 0.00095751 0.26965 0.008119 0.6047 0 2.8329e-05 0 0 0 0.00053824 5.6657e-05 0 0.00026629 0 0 0 0 2.8329e-05 0 0 0 0 0 0 0 0 0 0 0 0 0 0 0 0 0.00024929 0 2.8329e-05 0.00035694 0 0 3.3994e-05 9.6317e-05 0 5.0992e-05 0.00014164 0.0035127 5.6657e-05 0 0.0005779 0 0.00052691 0 0.00016997 0.002102 0.0015297 0.00011331 0.0019717 0.0023626 0.00013031 0 0 0 0 0 0 0 0 0 0 0 0 0 0 0 0 0 0 0 5.6657e-06 0 0 0 0 0 0 0 0 0 0 0
0.02638 0.046997 0.076346 0.039858 0.022108 0.0055864 0.0031275 0.00016997 0.00014731 0.00042493 0 0.015722 0.00010198 6.7989e-05 0.0014108 0.0050312 0.025105 0.00048159 0 0.00069688 0.015286 0.008204 0.0022323 0.0013598 0.0013654 0.019694 0 9.6317e-05 0.0003796 8.4986e-05 0.0012068 2.8329e-05 0.00015864 0 8.4986e-05 5.6657e-05 0.00030028 0.0016317 2.8329e-05 0 0.0018697 0.018238 0.0068839 0.0010425 0 0.00020963 0.001881 0.00044759 5.0992e-05 3.3994e-05 2.8329e-05 0.00022663 0 0 0.00077054 0.0056714 0.012578 0.00054958 0.00013598 0 5.0992e-05 6.2323e-05 3.3994e-05 0 0 0.00017564 2.8329e-05 0 0.00063456 0.00012465 0.0077224 0.00029462 5.0992e-05 6.2323e-05 0.0011445 0.0018357 0.00015297 0.00011331 0.00061756 0.011541 0 0 0.00082153 0 0.00065722 0 0.00015297 6.2323e-05 9.0652e-05 0 0.00012465 0.00019263 0 0 0 0 5.6657e-06 0 0 0 0 0 0 0 0 0 0 0 0 0 0 0 5.6657e-06 0 5.6657e-06 0 0 5.6657e-06 5.6657e-06 0 0 0 0 0
0.0043173 0.0019093 0.030555 0.01689 0.0081473 0.0014051 0.0017224 0.00026062 0.00011331 0.00023796 0 0.008119 0.00018697 0.0001983 0.0001983 0.0034334 0.013745 3.966e-05 0 0.00011331 0.00092918 3.966e-05 0 0 0 0.00018697 0 0 0 0 3.966e-05 0 0 0 0 0 0 0 0 0.0018697 0 0.00035127 0.00025496 0 0 0 0.00044759 0 0.00033428 0 0 0 0 0 0.00028329 0.0001983 0.0075921 0.00086686 0.00027762 0 4.5326e-05 0 0 0 0 0.00027762 0 0 7.3654e-05 0.00016431 0.0048669 4.5326e-05 0 0 0.00010198 2.8329e-05 0 0 0 0.00040227 0 0 0 0 0 0 0 0 0 0 0 0 0 0 0 0 0 0 0 0 0 0 0 0 0 0 0 0 0 0 0 0 0 0 0 0 0 0 0 0 0 0 0 0
0.053541 0.016142 0.050227 0.035853 0.026221 0.012595 0.0045609 7.932e-05 0.00012465 0.00058924 0 0.021439 8.4986e-05 5.0992e-05 0.0059773 0.0047082 0.011229 0 0.00026062 0.010856 0.041575 0.0017394 0.0045609 0.0036771 0.00090085 0.0018244 0 0 0.0016884 6.7989e-05 0.0030425 0 0.00019263 0 0 0 4.5326e-05 0.00040227 0 0.018238 0.00035127 0 0.0034221 0 0 5.0992e-05 0.01047 5.6657e-05 9.0652e-05 0 0 0 0 0 0.00014731 0.00018697 0.0021643 0.00026629 9.0652e-05 0 9.6317e-05 2.8329e-05 0 0 0 0.00024363 0 0 4.5326e-05 0.00014164 0.0010028 0 0 0 7.932e-05 0 0 0 0 0.00020963 0 0 0 0 0 0 0 0 0 0 0 0 0 0 0 0 0 0 0 0 0 0 0 0 0 0 0 0 0 0 0 0 7.932e-05 0 6.2323e-05 1.6997e-05 3.3994e-05 9.6317e-05 0.00017564 5.6657e-06 0 0 1.6997e-05 0
0.0018244 0.00056657 0.010102 0.0084816 0.0049235 0.0011501 0.00090652 0 0 5.6657e-05 0 0.003779 0 0 0.00011898 0.00098017 0.0024249 0 0 5.0992e-05 0.00033994 7.3654e-05 5.0992e-05 0 0 0.00014731 0 0 0 0 0 0 0 0 0 0 0 0 0 0.0068839 0.00025496 0.0034221 0 0 0 0 0.00012465 0 0 0 0 0 0 0 0 0 0.00012465 4.5326e-05 0 0 0 0 0 0 0 3.3994e-05 0 0 0 0 9.6317e-05 0 0 0 0 0 0 0 0 0 0 0 0 0 0 0 0 0 0 0 0 0 0 0 0 0 0 0 0 0 0 0 0 0 0 0 0 0 0 0 0 0 0 0 0 0 0 0 0 0 0 0 0 0
0.00011898 7.932e-05 0.00015864 7.3654e-05 7.3654e-05 0 0 0 0 0 0 3.966e-05 0 0 0.00016997 0 9.0652e-05 0.00024929 0 0 0.00010198 0.00035694 0.00022663 4.5326e-05 0.00013598 0.0050255 0.028153 0.28762 0.00010198 0.00094051 0.0017734 0.00047025 0.017235 0.0087649 0.00014164 0.012776 0.00055524 0.0015581 0.00053824 0.0010425 0 0 0 0 0.017003 0 0 0 0 0 0 0 0 0 0 0 0 0 0 0 0 0 0 0 0 0 0 0 0 0 0 0.00024363 0 0 0 3.966e-05 0 0 2.8329e-05 0.00065156 0 0 5.6657e-05 0 4.5326e-05 0 0 0.0010312 0.00033994 9.0652e-05 0.00068555 0.00041926 3.3994e-05 0 0 0 0 0 0 0 0 0 0 0 0 0 0 0 0 0 0 0 0 0 0 0 0 0 0 0 0 0 0 0
2.8329e-05 0 0 0 0 0 0 0 0 6.7989e-05 0 0 0 0 0.0073371 0 0 3.3994e-05 0 3.3994e-05 9.0652e-05 0.0001983 0.00017564 0.0001813 0.00014164 0.00015864 0.0044476 0.022187 0.00022663 0.028918 0.00032295 0.0001813 0.0006119 5.6657e-05 6.2323e-05 7.932e-05 0.00016431 0.00068555 5.6657e-05 0 0 0 0 0.017003 0 0 7.3654e-05 0 0 0 0 0 0 0 0 0 0 0 0 0 0 0 0 0 0 0 0 0 0 0 0 0 0 0 0 0 0 0 0 0.00011898 0 0 5.6657e-05 0 3.3994e-05 0 0 0 0 0 0 6.2323e-05 0 0 0 0 0 0 0 0 0 0 0 0 0 0 0 0 0 0 0 0 0 0 0 0 0 0 0 0 0 0 0 0
0.00014164 0 0.0011445 0.0016261 0.00084986 0.00030028 0.00031161 0.00013598 6.2323e-05 0.00013598 0 0.0016544 8.4986e-05 4.5326e-05 5.6657e-05 0.00023796 0.00070255 0 0 0 3.3994e-05 0 0 0 0 0 0 0 0 0 0 0 0 0 0 0 0 0 0 0.00020963 0 5.0992e-05 0 0 0 0 5.6657e-05 0 0 0 0 0 0 0 0 0 0 0 0 0 0 0 0 0 0 0 0 0 0 0 0 0 0 0 0 0 0 0 0 0 0 0 0 0 0 0 0 0 0 0 0 0 0 0 0 0 0 0 0 0 0 0 0 0 0 0 0 0 0 0 0 0 0 0 0 0 0 0 0 0 0 0 0 0
0.02911 0.027048 0.024555 0.0098924 0.0066912 0.003847 0.00082153 0.00020397 6.2323e-05 0.00013031 0 0.0031161 5.6657e-05 0 0.0039603 0.0012011 0.00983 0.0016487 0.00069122 0.0045949 0.029054 0.016737 0.0072691 0.0061133 0.0056374 0.024674 0.00022096 0.0001983 0.0033824 0.00032295 0.0056544 0.00011331 0.00060057 0.00028895 0.0012691 0.00010765 0.0024533 0.0096091 0.00026629 0.001881 0.00044759 0.01047 0.00012465 0 7.3654e-05 5.6657e-05 0 0.001779 0.00015297 0.005864 0.0016431 0.0016431 0 7.932e-05 0.028584 0.033173 0.070674 0.0074221 0.0046459 0.00049858 0.00065722 0.00078754 0.00035694 0.00033428 0 0.00089518 6.2323e-05 0 0.0034278 0.00020963 0.018164 0.0011218 0.00053824 0.0015637 0.028765 0.013014 0.0024703 0.0048725 0.011309 0.045796 0.00024363 0.00090652 0.0087819 0.00013598 0.0092465 0.0001813 0.0011841 0.0011048 0.0034278 0.00027195 0.0050425 0.0068215 0.00048159 0 0 0 1.1331e-05 5.6657e-06 0 0 0 0 0 0 0 0 0 0 0 0 0 0 0 0 0 0 0 0 0 0 0 0 0 0
0.001966 0.0055354 0.0077847 0.0010198 0.00035127 9.6317e-05 0 9.0652e-05 0 0 0 0.00020963 7.3654e-05 8.4986e-05 6.2323e-05 0.00032295 0.0054674 0 0 3.966e-05 0.0010765 0.00091218 0.00010765 5.6657e-05 3.966e-05 0.0031161 0 0 5.0992e-05 0 4.5326e-05 0 0 0 0 0 0 5.0992e-05 0 0.00044759 0 5.6657e-05 0 0 0 0 0.001779 0 0.00024929 0.012567 0.0093994 0.00078187 0 0.00031161 0.0032295 0.0071501 0.025739 0.0064079 0.0046006 0.00043059 0.0029008 0.00071955 0.00055524 0.0006289 0 0.0039207 0.00013598 0 0.0014958 0.0010142 0.012419 4.5326e-05 0 0 0.0023739 0.00081586 6.7989e-05 7.932e-05 0.00019263 0.0050992 0 0 7.932e-05 0 0.00015864 0 2.8329e-05 0 2.8329e-05 0 3.3994e-05 6.2323e-05 0 0 5.6657e-06 0 2.2663e-05 1.6997e-05 5.6657e-06 0 0 0 0 1.6997e-05 0 0 0 0 0 0 0 0 0 0 0 0 0 0 0 0 0 0 0 0
0.00058357 0.00013031 0.0076997 0.0047025 0.0013144 0.00041926 0.00061756 0 3.966e-05 5.0992e-05 0 0.0043399 0 0 7.932e-05 0.0052125 0.0045892 0 0 3.3994e-05 0.00014164 4.5326e-05 0 0 0 6.2323e-05 0 0 0 0 0 0 0 0 0 0 0 3.3994e-05 0 5.0992e-05 0.00033428 9.0652e-05 0 0 0 0 0.00015297 0.00024929 0 0.00035694 0.00016997 0.00013598 0 0 0.00058924 0.0015184 0.03719 0.010516 0.0049802 0.00047592 0.0023173 5.6657e-05 4.5326e-05 6.2323e-05 0 0.012861 3.966e-05 0 0.0017677 0.015365 0.070436 0.0015581 0 0 0.00022096 0.00027762 0 0 6.2323e-05 0.0048839 0 0 3.3994e-05 0 5.0992e-05 0 0 0.00016431 7.932e-05 0 0 2.8329e-05 0 0 0 0 5.6657e-06 0 0 0 0 0 0 0 0 0 0 0 0 0 0 0 0 0 0 0 0 0 0 0 0 0 0 0
7.932e-05 5.6657e-05 0.00031161 0.0003966 0.00010765 6.7989e-05 7.932e-05 2.8329e-05 0 0 0 0.0006289 0 0 0 0.00053258 0.00032861 0 0 0 3.966e-05 2.8329e-05 2.8329e-05 0 0 0.00010198 0 0 0 0 0 0 0 0 0 0 0 0 0 3.3994e-05 0 0 0 0 0 0 0.005864 0.012567 0.00035694 0 0.0023909 0.0032975 0 5.6657e-05 0.004068 0.0010992 0.052278 0.027422 0.025218 0.0030538 0.015926 0.0032578 0.0037337 0.0031445 0 0.022102 0.00077054 3.3994e-05 0.0060397 0.0036997 0.032051 0.00028329 0 0.00019263 0.0020963 0.00042493 0.00015297 0.0003796 0.00044193 0.00094618 0 0 0.00014164 0 0.00020963 0 4.5326e-05 0 2.8329e-05 0 5.6657e-05 6.2323e-05 0 0 2.8329e-05 5.0992e-05 0.00023229 0.00015864 1.6997e-05 0 0 0 0 4.5326e-05 0 0 0 0 0 0 0 0 0 0 0 0 0 0 0 0 0 0 0 0
0 4.5326e-05 8.4986e-05 0.00013031 5.6657e-05 3.966e-05 0 0 0 0 0 0.00013031 0 0 0 8.4986e-05 0.00011898 0 0 0 0 2.8329e-05 0 0 0 5.6657e-05 0 0 0 0 0 0 0 0 0 0 0 0 0 2.8329e-05 0 0 0 0 0 0 0.0016431 0.0093994 0.00016997 0.0023909 0 0.0011331 0 3.3994e-05 0.0011275 0.00030028 0.0089575 0.0057847 0.0043059 0.00047025 0.0035411 0.0010085 0.0010708 0.00086686 0 0.0047592 0.00026629 0 0.00087819 0.0010765 0.0049688 4.5326e-05 0 0 0.00039093 0.00013031 0 0 8.4986e-05 0.00043626 0 0 0 0 3.3994e-05 0 0 0 0 0 0 0 0 0 5.6657e-06 0 1.6997e-05 1.1331e-05 0 0 0 0 0 2.2663e-05 0 0 0 0 0 0 0 0 0 0 0 0 0 0 0 0 0 0 0 0
5.6657e-05 0.00010765 0.00013598 0.00014731 0 0 0 0 0 0 0 8.4986e-05 0 0 0.00014731 0.00013598 0.00028329 0.00016997 0 0 6.7989e-05 0.0011445 0.00026629 5.0992e-05 0 0.0014674 0 0 0.00024929 4.5326e-05 0.00028329 0 4.5326e-05 0.0002153 0.00040793 3.966e-05 0.00055524 0.0011671 2.8329e-05 0.00022663 0 0 0 0 0 0 0.0016431 0.00078187 0.00013598 0.0032975 0.0011331 0 0.0093371 6.2323e-05 0.0010368 0.0015751 0.007966 0.0034391 0.0031898 0.00028329 0.0014618 0.00024363 0.00026629 0.00024363 0 0.0018414 5.6657e-05 0 0.0048159 0.00050992 0.0048839 0.00037394 0 0.00015297 0.00088952 0.0017337 0.00011898 0.00063456 0.0014051 0.0072748 0.074538 0.28518 0.0093031 0.013558 0.013496 0.019632 0.038595 0.0039603 0.0018244 0.019156 0.0028102 0.0086232 0.0060793 0 0 0 0 0 0 0 0 0 0 0 0 0 0 0 0 0 0 0 0 0 0 0 0 0 0 0 0 0 0 0
0 0 0 0 0 0 0 0 0 0 0 0 0 0 0 0 0 0 0 0 0 0 0 0 0 0 0 0 0 0 0 0 0 0 0 0 0 0 0 0 0 0 0 0 0 0 0 0 0 0 0 0.0093371 0 0 0 0 0 0 0 0 0 0 0 0 0 0 0 0 0.00014164 0 0 0 0 0 0 0 0 0 0 0 0.0013371 0.034827 0 0.016708 0 0.0019093 0 8.4986e-05 0 0.00049858 0 4.5326e-05 2.8329e-05 0 0 0 0 0 0 0 0 0 0 0 0 0 0 0 0 0 0 0 0 0 0 0 0 0 0 0 0 0 0 0
0 0 0 2.8329e-05 0 0 0 0 0 0 0 3.966e-05 0 0 0 3.3994e-05 0 0 0 0 0 0 0 0 0 0 0 0 0 0 0 0 0 0 0 0 0 0 0 0 0 0 0 0 0 0 7.932e-05 0.00031161 0 5.6657e-05 3.3994e-05 6.2323e-05 0 0 3.3994e-05 0 0.0038244 0.0035014 0.0026176 0.00045326 0.0025666 0.00066856 0.00056657 0.00036261 0 0.0033428 0.0001813 0 0.0013088 0.00043059 0.0038527 0 0 0 0 0 0 0 0 0 0 0 0 0 0 0 0 0 0 0 0 0 0 0 0 0 0 0 0 0 0 0 0 0 0 0 0 0 0 0 0 0 0 0 0 0 0 0 0 0 0 0 0 0
0.0029858 0.0049518 0.013229 0.0031785 0.0013314 0.00014164 0 0 0 0 0 0.00011898 0 0 7.3654e-05 0.00051558 0.0064589 0 0 8.4986e-05 0.0010142 0.00057224 0.00013598 8.4986e-05 3.3994e-05 0.0013258 0 0 3.966e-05 0 0.00011331 0 0 6.2323e-05 0.00012465 0 0.00023229 0.00036261 0 0.00077054 0.00028329 0.00014731 0 0 0 0 0.028584 0.0032295 0.00058924 0.004068 0.0011275 0.0010368 0 3.3994e-05 0 0.050023 0.30734 0.12681 0.19223 0.13054 0.024946 0.0092691 5.6657e-05 5.6657e-05 0 0.00014731 9.0652e-05 0 0.050986 0.00020963 0.017371 0.00011331 0.00016431 0.032346 0.60397 0.045501 0.055796 0.056527 0.084975 0.03681 7.932e-05 0 0.0076147 6.2323e-05 0.025864 6.2323e-05 0.0039603 0.00030595 0.0033711 2.8329e-05 0.0068329 0.013473 7.3654e-05 5.6657e-06 5.0992e-05 0.00024929 0.00068555 0.00066856 2.8329e-05 0 0 1.1331e-05 0 0.00015864 5.6657e-06 0 0 0 0 0 0 0 0 0 0 0 0 0 0 0 0 0 0 0
